episode,length,time,reward,delta
0,500.0,0.025005578994750977,-1689.0,-0.66355833725855
1,431.0,0.02400517463684082,-826.0,99.99945535510848
2,184.0,0.009002685546875,-84.0,89.99950981959763
3,104.0,0.005002021789550781,-4.0,80.99955883763786
4,179.0,0.00900125503540039,-79.0,72.89960295387408
5,135.0,0.007001638412475586,-35.0,65.60964265848668
6,142.0,0.007002115249633789,-42.0,59.048678392638
7,109.0,0.005000591278076172,-108.0,53.1438105533742
8,119.0,0.005000591278076172,-19.0,47.82942949803678
9,211.0,0.01000213623046875,-210.0,43.046486548233105
10,32.0,0.0020017623901367188,68.0,38.741837893409794
11,80.0,0.004000186920166016,20.0,34.86765410406882
12,208.0,0.01000213623046875,-207.0,31.38088869366193
13,47.0,0.0030002593994140625,53.0,28.242799824295744
14,40.0,0.0020008087158203125,60.0,25.41851984186617
15,86.0,0.0040013790130615234,14.0,22.87666785767955
16,150.0,0.007000923156738281,-248.0,20.589001071911596
17,42.0,0.0020003318786621094,58.0,18.530100964720432
18,58.0,0.002000093460083008,42.0,16.677090868248385
19,55.0,0.0020003318786621094,45.0,15.009381781423542
20,89.0,0.004001617431640625,-88.0,13.508443603281194
21,61.0,0.003000497817993164,39.0,12.157599242953069
22,89.0,0.004001617431640625,-187.0,10.941839318657756
23,110.0,0.00500035285949707,-109.0,9.847655386791985
24,48.0,0.0020003318786621094,52.0,8.862889848112786
25,62.0,0.003000497817993164,38.0,7.976600863301513
26,79.0,0.004000186920166016,21.0,7.178940776971359
27,43.0,0.0020012855529785156,57.0,6.46104669927422
28,42.0,0.002000093460083008,58.0,5.8149420293467955
29,48.0,0.002001047134399414,-47.0,5.233447826412117
30,25.0,0.0019998550415039062,75.0,4.7101030437709
31,106.0,0.0050013065338134766,-6.0,4.239092739393811
32,40.0,0.002000570297241211,-39.0,3.8151834654544245
33,43.0,0.0020008087158203125,57.0,3.4336651189089764
34,21.0,0.0010001659393310547,79.0,3.0902986070180845
35,90.0,0.005001544952392578,10.0,2.7812687463162717
36,32.0,0.0020008087158203125,68.0,2.5031418716846474
37,65.0,0.0029997825622558594,35.0,2.252827684516177
38,30.0,0.0020003318786621094,70.0,2.0275449160645564
39,52.0,0.003001689910888672,48.0,1.8247904244581008
40,37.0,0.002000570297241211,63.0,1.642311382012295
41,36.0,0.002000093460083008,64.0,1.478080243811064
42,34.0,0.002000093460083008,-33.0,1.3302722194299577
43,46.0,0.002000093460083008,54.0,1.197244997486962
44,63.0,0.003000974655151367,-62.0,1.0775204977382629
45,109.0,0.005000591278076172,-207.0,0.9697684479644408
46,37.0,0.002000570297241211,63.0,0.8727916031679968
47,21.0,0.0009999275207519531,79.0,0.7855124428511999
48,49.0,0.003000497817993164,51.0,0.7069611985660771
49,39.0,0.002001047134399414,61.0,0.6362650787094708
50,23.0,0.0010001659393310547,77.0,0.5726385708385209
51,78.0,0.0030007362365722656,-77.0,0.5153747137546674
52,75.0,0.003000974655151367,-74.0,0.4638372423791992
53,27.0,0.00099945068359375,73.0,0.4174535181412722
54,33.0,0.0020008087158203125,67.0,0.37570816632714354
55,29.0,0.0020008087158203125,71.0,0.3381373496944349
56,22.0,0.0009996891021728516,78.0,0.3043236147249928
57,42.0,0.0020003318786621094,58.0,0.27389125325250063
58,32.0,0.0010001659393310547,68.0,0.24650212792725767
59,26.0,0.0010001659393310547,74.0,0.22185191513453617
60,29.0,0.002000570297241211,71.0,0.1996667236210783
61,39.0,0.0020012855529785156,61.0,0.17970005125897615
62,28.0,0.0019996166229248047,72.0,0.16173004613307285
63,23.0,0.0010001659393310547,77.0,0.14555704151976556
64,18.0,0.0010006427764892578,-17.0,0.13100133736779185
65,27.0,0.0010001659393310547,73.0,0.11790120363100698
66,44.0,0.002000570297241211,56.0,0.10611108326790486
67,66.0,0.0029997825622558594,-65.0,0.09549997494112006
68,30.0,0.002000570297241211,70.0,0.08594997744701516
69,21.0,0.0009999275207519531,79.0,0.07735497970232075
70,26.0,0.0020008087158203125,74.0,0.0696194817320901
71,16.0,0.0010001659393310547,84.0,0.06265753355887682
72,31.0,0.002000093460083008,69.0,0.0563917802029863
73,16.0,0.001001596450805664,84.0,0.050752602182683404
74,21.0,0.0009987354278564453,79.0,0.04567734196442075
75,61.0,0.002000570297241211,-60.0,0.04110960776797867
76,24.0,0.0009999275207519531,76.0,0.036998646991179385
77,23.0,0.0009999275207519531,77.0,0.03329878229206429
78,27.0,0.0009996891021728516,73.0,0.029968904062855017
79,32.0,0.0020012855529785156,68.0,0.0269720136565752
80,14.0,0.0009996891021728516,86.0,0.024274812290911996
81,21.0,0.0010001659393310547,79.0,0.021847331061820796
82,17.0,0.0010001659393310547,83.0,0.0196625979556444
83,21.0,0.0010006427764892578,79.0,0.01769633816007854
84,18.0,0.0009996891021728516,82.0,0.015926704344067844
85,20.0,0.0009996891021728516,80.0,0.01433403390966248
86,33.0,0.0010006427764892578,-32.0,0.012900630518700495
87,46.0,0.0020008087158203125,-45.0,0.011610567466831867
88,25.0,0.0019996166229248047,75.0,0.010449510720150101
89,14.0,0.0010008811950683594,86.0,0.009404559648132249
90,25.0,0.0010004043579101562,75.0,0.008464103683323287
91,12.0,0.0,88.0,0.007617693314998064
92,14.0,0.0010001659393310547,86.0,0.0068559239834939945
93,40.0,0.0020003318786621094,-39.0,0.006170331585138911
94,14.0,0.0,86.0,0.005553298426619335
95,35.0,0.0020008087158203125,-133.0,0.004997968583964507
96,27.0,0.0010006427764892578,73.0,0.00449817172557232
97,17.0,0.0009992122650146484,83.0,0.004048354553020772
98,15.0,0.0,85.0,0.003643519097721537
99,14.0,0.0,86.0,0.0032791671879550677
100,13.0,0.0,87.0,0.0029512504691666663
101,13.0,0.0,87.0,0.0026561254222485786
102,12.0,0.0,88.0,0.002390512880026563
103,12.0,0.0,88.0,0.0021514615920210645
104,12.0,0.0,88.0,0.0019363154328146948
105,12.0,0.0,88.0,0.0017426838895318042
106,14.0,0.0,86.0,0.0015684155005857292
107,13.0,0.0,87.0,0.0014115739505342617
108,14.0,0.0,86.0,0.0012704165554850988
109,12.0,0.0,88.0,0.001143374899939431
110,12.0,0.0,88.0,0.0010290374099497512
111,14.0,0.0010001659393310547,86.0,0.0009261336689547761
112,23.0,0.0010008811950683594,77.0,0.0008335203020664039
113,12.0,0.0009999275207519531,88.0,0.0007501682718640268
114,12.0,0.0010001659393310547,88.0,0.0006751514446818874
115,20.0,0.0010004043579101562,-19.0,0.0006076363002165408
116,12.0,0.0009999275207519531,88.0,0.00054687267019915
117,22.0,0.0010006427764892578,-21.0,0.0004921854031749717
118,14.0,0.0,86.0,0.0004429668628631589
119,12.0,0.0,88.0,0.0003986701765796852
120,16.0,0.0,84.0,0.0003588031589174534
121,13.0,0.0,-12.0,0.00032292284302570806
122,12.0,0.0,88.0,0.00029063055872313726
123,12.0,0.0,88.0,0.0002615675028465603
124,12.0,0.0,88.0,0.0002354107525661675
125,12.0,0.0,88.0,0.0002118696773152351
126,12.0,0.00099945068359375,88.0,0.00019068270958655376
127,14.0,0.0010008811950683594,86.0,0.00017161443862789838
128,15.0,0.0009996891021728516,-14.0,0.00015445299476368746
129,12.0,0.0,88.0,0.00013900769528163437
130,12.0,0.0,88.0,0.00012510692575062876
131,12.0,0.0010006427764892578,88.0,0.00011259623317982914
132,12.0,0.0009996891021728516,88.0,0.00010133660985900406
133,13.0,0.0009999275207519531,87.0,9.120294886599822e-05
134,14.0,0.0010008811950683594,86.0,8.208265397513514e-05
135,20.0,0.0009999275207519531,-19.0,7.387438857620054e-05
136,14.0,0.0,86.0,6.648694972000158e-05
137,12.0,0.0,88.0,5.9838254742317076e-05
138,20.0,0.0010001659393310547,80.0,5.385442926808537e-05
139,12.0,0.0010001659393310547,88.0,4.846898633559249e-05
140,12.0,0.0010008811950683594,88.0,4.362208770203324e-05
141,12.0,0.0010004043579101562,88.0,3.925987893182992e-05
142,18.0,0.0009992122650146484,-17.0,3.533389103438367e-05
143,28.0,0.0010004043579101562,-27.0,3.1800501929524216e-05
144,12.0,0.0,88.0,2.8620451743677222e-05
145,14.0,0.0,86.0,2.5758406565046243e-05
146,12.0,0.0,88.0,2.318256591138379e-05
147,12.0,0.0,88.0,2.086430932024541e-05
148,22.0,0.0010006427764892578,-21.0,1.8777878395326297e-05
149,14.0,0.0009999275207519531,86.0,1.6900090557214753e-05
150,12.0,0.0009999275207519531,88.0,1.5210081500072192e-05
151,20.0,0.001001119613647461,-118.0,1.3689073355749315e-05
152,12.0,0.0009992122650146484,88.0,1.2320166021595469e-05
153,12.0,0.0010008811950683594,88.0,1.1088149420857007e-05
154,14.0,0.0009996891021728516,86.0,9.979334478771307e-06
155,12.0,0.0010006427764892578,88.0,8.981401023788749e-06
156,12.0,0.0009996891021728516,88.0,8.08326092283096e-06
157,12.0,0.0010004043579101562,88.0,7.274934830547863e-06
158,12.0,0.0010006427764892578,88.0,6.547441344650906e-06
159,13.0,0.0009996891021728516,87.0,5.892697217291243e-06
160,12.0,0.0010001659393310547,88.0,5.303427499825375e-06
161,12.0,0.0010004043579101562,88.0,4.773084754106094e-06
162,12.0,0.0010001659393310547,88.0,4.2957762786954845e-06
163,29.0,0.0020008087158203125,-127.0,3.866198653668107e-06
164,12.0,0.0010001659393310547,88.0,3.479578793985638e-06
165,12.0,0.0010001659393310547,88.0,3.1316209145870744e-06
166,12.0,0.0009999275207519531,88.0,2.8184588245494524e-06
167,14.0,0.0010001659393310547,86.0,2.5366129392523362e-06
168,12.0,0.0010006427764892578,88.0,2.282951641063846e-06
169,24.0,0.0010004043579101562,-23.0,2.0546564769574616e-06
170,30.0,0.002000093460083008,-29.0,1.8491908235773735e-06
171,12.0,0.0010004043579101562,88.0,1.6642717355352943e-06
172,17.0,0.0009999275207519531,83.0,1.4978445648239358e-06
173,27.0,0.0020003318786621094,-125.0,1.3480601097626277e-06
174,14.0,0.0010001659393310547,86.0,1.2132540945231085e-06
175,12.0,0.0010006427764892578,88.0,1.0919286808075412e-06
176,22.0,0.0010001659393310547,-21.0,9.827358127267871e-07
177,12.0,0.0010006427764892578,88.0,8.844622385595358e-07
178,14.0,0.0010001659393310547,86.0,7.960160104403258e-07
179,17.0,0.0009996891021728516,-16.0,7.164144051330368e-07
180,12.0,0.0,88.0,6.44772967461904e-07
181,14.0,0.0009999275207519531,86.0,5.802956764000555e-07
182,12.0,0.0,88.0,5.22266105917879e-07
183,12.0,0.0010004043579101562,88.0,4.7003949532609113e-07
184,14.0,0.0009992122650146484,86.0,4.2303554437239654e-07
185,12.0,0.0010004043579101562,88.0,3.807319899351569e-07
186,14.0,0.0010001659393310547,86.0,3.4265879378381214e-07
187,14.0,0.0010006427764892578,86.0,3.0839291298434546e-07
188,12.0,0.0009996891021728516,88.0,2.7755362452808185e-07
189,15.0,0.0010001659393310547,-14.0,2.4979826207527367e-07
190,14.0,0.0010006427764892578,86.0,2.248184358677463e-07
191,12.0,0.0,88.0,2.0233659370205714e-07
192,12.0,0.0010006427764892578,88.0,1.8210293717402237e-07
193,12.0,0.0010001659393310547,88.0,1.6389263635119278e-07
194,12.0,0.0010004043579101562,88.0,1.4750337129498803e-07
195,16.0,0.0009996891021728516,84.0,1.327530299022328e-07
196,12.0,0.0009999275207519531,88.0,1.1947773259635142e-07
197,12.0,0.0010008811950683594,88.0,1.0752995649454533e-07
198,14.0,0.0009996891021728516,86.0,9.677695800291986e-08
199,12.0,0.0010001659393310547,88.0,8.709926646588428e-08
200,14.0,0.0010008811950683594,86.0,7.838933413495397e-08
201,12.0,0.0009996891021728516,88.0,7.05503993003731e-08
202,14.0,0.0010006427764892578,86.0,6.34953636335922e-08
203,12.0,0.0009996891021728516,88.0,5.7145825849147514e-08
204,14.0,0.0010004043579101562,86.0,5.143124326423276e-08
205,12.0,0.0010001659393310547,88.0,4.628812177998043e-08
206,12.0,0.0010001659393310547,88.0,4.165930533872597e-08
207,12.0,0.001001119613647461,88.0,3.749337906810979e-08
208,14.0,0.00099945068359375,86.0,3.374404400346975e-08
209,12.0,0.0010006427764892578,88.0,3.036963391878089e-08
210,25.0,0.0010001659393310547,75.0,2.7332674790159217e-08
211,12.0,0.0,88.0,2.459940162680141e-08
212,12.0,0.0,88.0,2.2139460043035797e-08
213,12.0,0.0,88.0,1.992550835439033e-08
214,14.0,0.0,86.0,1.7932961782207713e-08
215,12.0,0.0,88.0,1.613966560398694e-08
216,12.0,0.0,88.0,1.4525696201417304e-08
217,14.0,0.0010004043579101562,86.0,1.3073119475848216e-08
218,12.0,0.0010004043579101562,88.0,1.1765806107177923e-08
219,14.0,0.0010004043579101562,86.0,1.0589232601887488e-08
220,12.0,0.0010001659393310547,88.0,9.530310762784211e-09
221,17.0,0.0009996891021728516,-16.0,8.577274002163904e-09
222,12.0,0.0,88.0,7.719549444118456e-09
223,12.0,0.0,88.0,6.947587394279253e-09
224,12.0,0.0010004043579101562,88.0,6.2528329181077424e-09
225,22.0,0.002000570297241211,-21.0,5.627555310638854e-09
226,12.0,0.0,88.0,5.064805463916855e-09
227,16.0,0.0010006427764892578,84.0,4.5583306018670555e-09
228,12.0,0.0009996891021728516,88.0,4.102503226022236e-09
229,12.0,0.0,88.0,3.6922500612490694e-09
230,12.0,0.0,88.0,3.323023634038691e-09
231,12.0,0.0,88.0,2.9907170073784073e-09
232,14.0,0.0,86.0,2.691649569896981e-09
233,12.0,0.0,88.0,2.42248177073634e-09
234,12.0,0.0,88.0,2.1802293304062914e-09
235,14.0,0.0,86.0,1.9622063973656623e-09
236,14.0,0.0,86.0,1.765982915458153e-09
237,12.0,0.0,88.0,1.5893846239123377e-09
238,16.0,0.0,84.0,1.4304504247775185e-09
239,12.0,0.0,88.0,1.2874039612142951e-09
240,12.0,0.0,88.0,1.1586678283492802e-09
241,12.0,0.0,88.0,1.0428067298562382e-09
242,12.0,0.0,88.0,9.38527477956086e-10
243,12.0,0.0,88.0,8.446789934168919e-10
244,12.0,0.0010001659393310547,88.0,7.602096729897312e-10
245,12.0,0.0010004043579101562,88.0,6.841816002634005e-10
246,14.0,0.0010006427764892578,86.0,6.15770545664418e-10
247,14.0,0.00099945068359375,86.0,5.541949121834477e-10
248,12.0,0.0010001659393310547,88.0,4.987725787941599e-10
249,12.0,0.0010001659393310547,88.0,4.488924787438009e-10
250,14.0,0.0010006427764892578,86.0,4.0400038869847776e-10
251,24.0,0.0020008087158203125,-23.0,3.6359892874315847e-10
252,12.0,0.0,88.0,3.2723335152695654e-10
253,12.0,0.0,88.0,2.945057531178463e-10
254,15.0,0.0,-14.0,2.6506086214794777e-10
255,14.0,0.0,86.0,2.3855761810409604e-10
256,12.0,0.0,88.0,2.1469759303727187e-10
257,12.0,0.0,88.0,1.9322499156260164e-10
258,12.0,0.0,88.0,1.7389822914992692e-10
259,14.0,0.0,86.0,1.5650414297851967e-10
260,13.0,0.0,87.0,1.4085799193708226e-10
261,12.0,0.0,88.0,1.2677503491431708e-10
262,12.0,0.0,88.0,1.1409895250835689e-10
263,12.0,0.0,88.0,1.0268763617204968e-10
264,12.0,0.0,88.0,9.241318821295863e-11
265,12.0,0.0009999275207519531,88.0,8.317613264807733e-11
266,14.0,0.0010008811950683594,86.0,7.486278263968416e-11
267,12.0,0.00099945068359375,88.0,6.73736622047727e-11
268,14.0,0.0010006427764892578,86.0,6.063771706976695e-11
269,12.0,0.0010001659393310547,88.0,5.4569682106375694e-11
270,12.0,0.0010006427764892578,88.0,4.9112713895738125e-11
271,12.0,0.0009996891021728516,88.0,4.419575816427823e-11
272,12.0,0.0010008811950683594,88.0,3.977618234785041e-11
273,12.0,0.0010001659393310547,88.0,3.579714302759385e-11
274,13.0,0.0009996891021728516,87.0,3.221600763936294e-11
275,12.0,0.0010004043579101562,88.0,2.8990143619012088e-11
276,12.0,0.0010013580322265625,88.0,2.609112925711088e-11
277,17.0,0.0009989738464355469,-16.0,2.347633198951371e-11
278,12.0,0.0010006427764892578,88.0,2.113154096150538e-11
279,14.0,0.0009996891021728516,86.0,1.901412360894028e-11
280,14.0,0.0010004043579101562,86.0,1.7109869077103212e-11
281,14.0,0.0010001659393310547,86.0,1.5404566511278972e-11
282,12.0,0.0010001659393310547,88.0,1.3869794202037156e-11
283,12.0,0.0010001659393310547,88.0,1.247713043994736e-11
284,12.0,0.0010004043579101562,88.0,1.1226575225009583e-11
285,12.0,0.0010001659393310547,88.0,1.0103917702508625e-11
286,12.0,0.0010001659393310547,88.0,9.094947017729282e-12
287,12.0,0.0010004043579101562,88.0,8.185452315956354e-12
288,12.0,0.0009999275207519531,88.0,7.361222742474638e-12
289,12.0,0.0010008811950683594,88.0,6.622258297284134e-12
290,12.0,0.0010001659393310547,88.0,5.9543481256696396e-12
291,15.0,0.0009996891021728516,85.0,5.357492227631155e-12
292,12.0,0.0010008811950683594,88.0,4.817479748453479e-12
293,12.0,0.0,88.0,4.334310688136611e-12
294,14.0,0.0010001659393310547,86.0,3.907985046680551e-12
295,12.0,0.0,88.0,3.510081114654895e-12
296,12.0,0.0,88.0,3.154809746774845e-12
297,12.0,0.0,88.0,2.8421709430404007e-12
298,23.0,0.0010001659393310547,-22.0,2.5579538487363607e-12
299,16.0,0.0010001659393310547,84.0,2.3021584638627246e-12
300,12.0,0.0010006427764892578,88.0,2.0747847884194925e-12
301,12.0,0.0010006427764892578,88.0,1.8616219676914625e-12
302,28.0,0.0019996166229248047,-27.0,1.6768808563938364e-12
303,12.0,0.0,88.0,1.5063505998114124e-12
304,12.0,0.0010006427764892578,88.0,1.3500311979441904e-12
305,14.0,0.0009999275207519531,86.0,1.2079226507921703e-12
306,12.0,0.0009999275207519531,88.0,1.0942358130705543e-12
307,12.0,0.0010004043579101562,88.0,9.805489753489383e-13
308,14.0,0.0010004043579101562,86.0,8.810729923425242e-13
309,12.0,0.0010004043579101562,88.0,7.958078640513122e-13
310,12.0,0.0,88.0,7.105427357601002e-13
311,22.0,0.0010006427764892578,-21.0,6.394884621840902e-13
312,12.0,0.0010001659393310547,88.0,5.826450433232822e-13
313,12.0,0.0009999275207519531,88.0,5.258016244624741e-13
314,14.0,0.0010001659393310547,86.0,4.689582056016661e-13
315,16.0,0.0010001659393310547,84.0,4.263256414560601e-13
316,12.0,0.001001119613647461,88.0,3.836930773104541e-13
317,12.0,0.00099945068359375,88.0,3.410605131648481e-13
318,20.0,0.0010001659393310547,-19.0,3.126388037344441e-13
319,12.0,0.0010004043579101562,88.0,2.8421709430404007e-13
320,12.0,0.0010006427764892578,88.0,2.5579538487363607e-13
321,12.0,0.0010001659393310547,88.0,2.2737367544323206e-13
322,12.0,0.0009996891021728516,88.0,1.9895196601282805e-13
323,12.0,0.001001119613647461,88.0,1.8474111129762605e-13
324,12.0,0.0010001659393310547,88.0,1.7053025658242404e-13
325,14.0,0.0009996891021728516,86.0,1.5631940186722204e-13
326,12.0,0.0010001659393310547,88.0,1.4210854715202004e-13
327,26.0,0.0010001659393310547,-25.0,1.2789769243681803e-13
328,12.0,0.0,88.0,1.1368683772161603e-13
329,12.0,0.0010006427764892578,88.0,9.947598300641403e-14
330,16.0,0.0010001659393310547,84.0,8.526512829121202e-14
331,14.0,0.0,86.0,7.105427357601002e-14
332,12.0,0.0,88.0,7.105427357601002e-14
333,14.0,0.0010001659393310547,86.0,7.105427357601002e-14
334,12.0,0.0010006427764892578,88.0,7.105427357601002e-14
335,12.0,0.0010001659393310547,88.0,7.105427357601002e-14
336,12.0,0.0010004043579101562,88.0,7.105427357601002e-14
337,12.0,0.0010001659393310547,88.0,7.105427357601002e-14
338,12.0,0.0009999275207519531,88.0,7.105427357601002e-14
339,12.0,0.0010004043579101562,88.0,7.105427357601002e-14
340,12.0,0.0010004043579101562,88.0,7.105427357601002e-14
341,12.0,0.0010006427764892578,88.0,7.105427357601002e-14
342,12.0,0.0009996891021728516,88.0,7.105427357601002e-14
343,12.0,0.0,88.0,7.105427357601002e-14
344,14.0,0.0010001659393310547,86.0,7.105427357601002e-14
345,12.0,0.0,88.0,7.105427357601002e-14
346,12.0,0.0,88.0,7.105427357601002e-14
347,12.0,0.0,88.0,7.105427357601002e-14
348,12.0,0.0,88.0,7.105427357601002e-14
349,12.0,0.0,88.0,7.105427357601002e-14
350,12.0,0.0010006427764892578,88.0,7.105427357601002e-14
351,12.0,0.0010001659393310547,88.0,7.105427357601002e-14
352,12.0,0.0009996891021728516,88.0,7.105427357601002e-14
353,12.0,0.0,88.0,7.105427357601002e-14
354,12.0,0.0009992122650146484,88.0,7.105427357601002e-14
355,13.0,0.0009999275207519531,87.0,7.105427357601002e-14
356,12.0,0.0010001659393310547,88.0,7.105427357601002e-14
357,12.0,0.0010004043579101562,88.0,7.105427357601002e-14
358,12.0,0.0010004043579101562,88.0,7.105427357601002e-14
359,12.0,0.0010006427764892578,88.0,7.105427357601002e-14
360,12.0,0.0009996891021728516,88.0,7.105427357601002e-14
361,12.0,0.0010006427764892578,88.0,7.105427357601002e-14
362,12.0,0.0009999275207519531,88.0,7.105427357601002e-14
363,12.0,0.0010001659393310547,88.0,7.105427357601002e-14
364,12.0,0.0009999275207519531,88.0,7.105427357601002e-14
365,16.0,0.0010004043579101562,-15.0,7.105427357601002e-14
366,12.0,0.0010001659393310547,88.0,7.105427357601002e-14
367,12.0,0.0010001659393310547,88.0,7.105427357601002e-14
368,14.0,0.0010004043579101562,86.0,7.105427357601002e-14
369,14.0,0.0010004043579101562,86.0,7.105427357601002e-14
370,12.0,0.0010001659393310547,88.0,7.105427357601002e-14
371,12.0,0.0,88.0,7.105427357601002e-14
372,12.0,0.0,88.0,7.105427357601002e-14
373,13.0,0.0,87.0,7.105427357601002e-14
374,14.0,0.0,86.0,7.105427357601002e-14
375,20.0,0.0010001659393310547,-19.0,7.105427357601002e-14
376,12.0,0.0010004043579101562,88.0,7.105427357601002e-14
377,12.0,0.0010004043579101562,88.0,7.105427357601002e-14
378,12.0,0.0009999275207519531,88.0,7.105427357601002e-14
379,12.0,0.0,88.0,7.105427357601002e-14
380,12.0,0.0,88.0,7.105427357601002e-14
381,12.0,0.0,88.0,7.105427357601002e-14
382,12.0,0.0,88.0,7.105427357601002e-14
383,15.0,0.0,85.0,7.105427357601002e-14
384,12.0,0.0,88.0,7.105427357601002e-14
385,12.0,0.0,88.0,7.105427357601002e-14
386,12.0,0.0,88.0,7.105427357601002e-14
387,14.0,0.0,86.0,7.105427357601002e-14
388,12.0,0.0,88.0,7.105427357601002e-14
389,12.0,0.0,88.0,7.105427357601002e-14
390,13.0,0.0010008811950683594,-12.0,7.105427357601002e-14
391,12.0,0.0009996891021728516,88.0,7.105427357601002e-14
392,14.0,0.0010006427764892578,86.0,7.105427357601002e-14
393,12.0,0.0009999275207519531,88.0,7.105427357601002e-14
394,12.0,0.0010001659393310547,88.0,7.105427357601002e-14
395,14.0,0.0010001659393310547,86.0,7.105427357601002e-14
396,14.0,0.0010008811950683594,86.0,7.105427357601002e-14
397,12.0,0.00099945068359375,88.0,7.105427357601002e-14
398,12.0,0.0010004043579101562,88.0,7.105427357601002e-14
399,12.0,0.0010001659393310547,88.0,7.105427357601002e-14
400,12.0,0.0010001659393310547,88.0,7.105427357601002e-14
401,12.0,0.0010006427764892578,88.0,7.105427357601002e-14
402,12.0,0.0010006427764892578,88.0,7.105427357601002e-14
403,14.0,0.0009999275207519531,86.0,7.105427357601002e-14
404,12.0,0.0009996891021728516,88.0,7.105427357601002e-14
405,12.0,0.0010001659393310547,88.0,7.105427357601002e-14
406,12.0,0.0010001659393310547,88.0,7.105427357601002e-14
407,12.0,0.0,88.0,7.105427357601002e-14
408,19.0,0.0010001659393310547,-18.0,7.105427357601002e-14
409,12.0,0.0010001659393310547,88.0,7.105427357601002e-14
410,14.0,0.0010004043579101562,86.0,7.105427357601002e-14
411,12.0,0.0010006427764892578,88.0,7.105427357601002e-14
412,12.0,0.0010006427764892578,88.0,7.105427357601002e-14
413,12.0,0.00099945068359375,88.0,7.105427357601002e-14
414,14.0,0.0010001659393310547,86.0,7.105427357601002e-14
415,13.0,0.0010001659393310547,87.0,7.105427357601002e-14
416,12.0,0.0,88.0,7.105427357601002e-14
417,13.0,0.0,-12.0,7.105427357601002e-14
418,18.0,0.001001119613647461,-17.0,7.105427357601002e-14
419,12.0,0.0009996891021728516,88.0,7.105427357601002e-14
420,28.0,0.0010004043579101562,-126.0,7.105427357601002e-14
421,12.0,0.0,88.0,7.105427357601002e-14
422,23.0,0.0009999275207519531,-22.0,7.105427357601002e-14
423,12.0,0.0010001659393310547,88.0,7.105427357601002e-14
424,12.0,0.0010001659393310547,88.0,7.105427357601002e-14
425,12.0,0.0010001659393310547,88.0,7.105427357601002e-14
426,12.0,0.0010001659393310547,88.0,7.105427357601002e-14
427,12.0,0.0,88.0,7.105427357601002e-14
428,12.0,0.0,88.0,7.105427357601002e-14
429,12.0,0.0,88.0,7.105427357601002e-14
430,12.0,0.0,88.0,7.105427357601002e-14
431,12.0,0.0,88.0,7.105427357601002e-14
432,12.0,0.0,88.0,7.105427357601002e-14
433,12.0,0.0009999275207519531,88.0,7.105427357601002e-14
434,14.0,0.0010004043579101562,86.0,7.105427357601002e-14
435,12.0,0.0010004043579101562,88.0,7.105427357601002e-14
436,12.0,0.0009999275207519531,88.0,7.105427357601002e-14
437,12.0,0.0009999275207519531,88.0,7.105427357601002e-14
438,12.0,0.0010006427764892578,88.0,7.105427357601002e-14
439,12.0,0.0009999275207519531,88.0,7.105427357601002e-14
440,12.0,0.0010001659393310547,88.0,7.105427357601002e-14
441,12.0,0.0010004043579101562,88.0,7.105427357601002e-14
442,12.0,0.0010006427764892578,88.0,7.105427357601002e-14
443,12.0,0.0009996891021728516,88.0,7.105427357601002e-14
444,14.0,0.0009999275207519531,86.0,7.105427357601002e-14
445,16.0,0.0010004043579101562,84.0,7.105427357601002e-14
446,12.0,0.0010004043579101562,88.0,7.105427357601002e-14
447,14.0,0.0010001659393310547,86.0,7.105427357601002e-14
448,12.0,0.0010001659393310547,88.0,7.105427357601002e-14
449,12.0,0.0010001659393310547,88.0,7.105427357601002e-14
450,27.0,0.0010008811950683594,-125.0,7.105427357601002e-14
451,24.0,0.0010006427764892578,-23.0,7.105427357601002e-14
452,24.0,0.0009996891021728516,-23.0,7.105427357601002e-14
453,12.0,0.0,88.0,7.105427357601002e-14
454,12.0,0.0,88.0,7.105427357601002e-14
455,12.0,0.0,88.0,7.105427357601002e-14
456,13.0,0.0,87.0,7.105427357601002e-14
457,15.0,0.0,85.0,7.105427357601002e-14
458,12.0,0.0,88.0,7.105427357601002e-14
459,12.0,0.0,88.0,7.105427357601002e-14
460,12.0,0.001001119613647461,88.0,7.105427357601002e-14
461,13.0,0.0010001659393310547,-12.0,7.105427357601002e-14
462,13.0,0.0009996891021728516,87.0,7.105427357601002e-14
463,14.0,0.0010001659393310547,86.0,7.105427357601002e-14
464,12.0,0.0010001659393310547,88.0,7.105427357601002e-14
465,12.0,0.001001119613647461,88.0,7.105427357601002e-14
466,12.0,0.0009999275207519531,88.0,7.105427357601002e-14
467,12.0,0.0009999275207519531,88.0,7.105427357601002e-14
468,12.0,0.0010006427764892578,88.0,7.105427357601002e-14
469,14.0,0.0009996891021728516,86.0,7.105427357601002e-14
470,12.0,0.0010004043579101562,88.0,7.105427357601002e-14
471,12.0,0.0010006427764892578,88.0,7.105427357601002e-14
472,16.0,0.00099945068359375,84.0,7.105427357601002e-14
473,12.0,0.0010001659393310547,88.0,7.105427357601002e-14
474,12.0,0.0010004043579101562,88.0,7.105427357601002e-14
475,12.0,0.0010001659393310547,88.0,7.105427357601002e-14
476,14.0,0.0010001659393310547,86.0,7.105427357601002e-14
477,12.0,0.0010004043579101562,88.0,7.105427357601002e-14
478,12.0,0.0010006427764892578,88.0,7.105427357601002e-14
479,14.0,0.0009996891021728516,86.0,7.105427357601002e-14
480,12.0,0.0010006427764892578,88.0,7.105427357601002e-14
481,12.0,0.0010006427764892578,88.0,7.105427357601002e-14
482,16.0,0.00099945068359375,84.0,7.105427357601002e-14
483,12.0,0.0010001659393310547,88.0,7.105427357601002e-14
484,12.0,0.0010001659393310547,88.0,7.105427357601002e-14
485,19.0,0.0010001659393310547,-18.0,7.105427357601002e-14
486,14.0,0.0010006427764892578,86.0,7.105427357601002e-14
487,12.0,0.0009999275207519531,88.0,7.105427357601002e-14
488,13.0,0.0010001659393310547,87.0,7.105427357601002e-14
489,12.0,0.0010004043579101562,88.0,7.105427357601002e-14
490,14.0,0.0010004043579101562,86.0,7.105427357601002e-14
491,22.0,0.0010004043579101562,-21.0,7.105427357601002e-14
492,12.0,0.0009996891021728516,88.0,7.105427357601002e-14
493,12.0,0.0010001659393310547,88.0,7.105427357601002e-14
494,12.0,0.0010004043579101562,88.0,7.105427357601002e-14
495,20.0,0.0010004043579101562,-19.0,7.105427357601002e-14
496,12.0,0.0,88.0,7.105427357601002e-14
497,12.0,0.0,88.0,7.105427357601002e-14
498,12.0,0.0,88.0,7.105427357601002e-14
499,14.0,0.0010001659393310547,86.0,7.105427357601002e-14
500,26.0,0.0010013580322265625,-25.0,7.105427357601002e-14
501,12.0,0.0009996891021728516,88.0,7.105427357601002e-14
502,12.0,0.0009999275207519531,88.0,7.105427357601002e-14
503,14.0,0.0010001659393310547,86.0,7.105427357601002e-14
504,12.0,0.0009999275207519531,88.0,7.105427357601002e-14
505,13.0,0.0010004043579101562,87.0,7.105427357601002e-14
506,12.0,0.0010001659393310547,88.0,7.105427357601002e-14
507,12.0,0.0010001659393310547,88.0,7.105427357601002e-14
508,12.0,0.0,88.0,7.105427357601002e-14
509,12.0,0.0,88.0,7.105427357601002e-14
510,12.0,0.0,88.0,7.105427357601002e-14
511,12.0,0.0,88.0,7.105427357601002e-14
512,12.0,0.0,88.0,7.105427357601002e-14
513,12.0,0.0,88.0,7.105427357601002e-14
514,12.0,0.0,88.0,7.105427357601002e-14
515,14.0,0.0010001659393310547,86.0,7.105427357601002e-14
516,23.0,0.0020003318786621094,-22.0,7.105427357601002e-14
517,12.0,0.0010004043579101562,88.0,7.105427357601002e-14
518,12.0,0.0010004043579101562,88.0,7.105427357601002e-14
519,12.0,0.0,88.0,7.105427357601002e-14
520,12.0,0.0,88.0,7.105427357601002e-14
521,12.0,0.0,88.0,7.105427357601002e-14
522,12.0,0.0,88.0,7.105427357601002e-14
523,12.0,0.0,88.0,7.105427357601002e-14
524,12.0,0.0,88.0,7.105427357601002e-14
525,14.0,0.0010001659393310547,86.0,7.105427357601002e-14
526,14.0,0.0,86.0,7.105427357601002e-14
527,12.0,0.0,88.0,7.105427357601002e-14
528,12.0,0.0,88.0,7.105427357601002e-14
529,19.0,0.0010008811950683594,81.0,7.105427357601002e-14
530,12.0,0.0,88.0,7.105427357601002e-14
531,12.0,0.0,88.0,7.105427357601002e-14
532,16.0,0.0,84.0,7.105427357601002e-14
533,12.0,0.0,88.0,7.105427357601002e-14
534,12.0,0.0,88.0,7.105427357601002e-14
535,22.0,0.0010008811950683594,-21.0,7.105427357601002e-14
536,12.0,0.0010001659393310547,88.0,7.105427357601002e-14
537,12.0,0.0009999275207519531,88.0,7.105427357601002e-14
538,14.0,0.0009999275207519531,86.0,7.105427357601002e-14
539,12.0,0.0010008811950683594,88.0,7.105427357601002e-14
540,12.0,0.0,88.0,7.105427357601002e-14
541,12.0,0.0,88.0,7.105427357601002e-14
542,12.0,0.0,88.0,7.105427357601002e-14
543,12.0,0.0,88.0,7.105427357601002e-14
544,12.0,0.0,88.0,7.105427357601002e-14
545,17.0,0.0,-16.0,7.105427357601002e-14
546,12.0,0.0,88.0,7.105427357601002e-14
547,12.0,0.0,88.0,7.105427357601002e-14
548,12.0,0.0,88.0,7.105427357601002e-14
549,12.0,0.0,88.0,7.105427357601002e-14
550,14.0,0.0,86.0,7.105427357601002e-14
551,12.0,0.0,88.0,7.105427357601002e-14
552,12.0,0.0,88.0,7.105427357601002e-14
553,16.0,0.0010006427764892578,84.0,7.105427357601002e-14
554,14.0,0.0,86.0,7.105427357601002e-14
555,12.0,0.0,88.0,7.105427357601002e-14
556,12.0,0.0,88.0,7.105427357601002e-14
557,12.0,0.0,88.0,7.105427357601002e-14
558,12.0,0.0010001659393310547,88.0,7.105427357601002e-14
559,12.0,0.0010001659393310547,88.0,7.105427357601002e-14
560,12.0,0.0010013580322265625,88.0,7.105427357601002e-14
561,12.0,0.0009987354278564453,88.0,7.105427357601002e-14
562,14.0,0.0010008811950683594,86.0,7.105427357601002e-14
563,24.0,0.0009999275207519531,-23.0,7.105427357601002e-14
564,12.0,0.0,88.0,7.105427357601002e-14
565,12.0,0.0,88.0,7.105427357601002e-14
566,12.0,0.0,88.0,7.105427357601002e-14
567,12.0,0.0,88.0,7.105427357601002e-14
568,12.0,0.0,88.0,7.105427357601002e-14
569,12.0,0.0,88.0,7.105427357601002e-14
570,12.0,0.0010008811950683594,88.0,7.105427357601002e-14
571,12.0,0.0010001659393310547,88.0,7.105427357601002e-14
572,14.0,0.0010001659393310547,86.0,7.105427357601002e-14
573,12.0,0.0009996891021728516,88.0,7.105427357601002e-14
574,12.0,0.0010004043579101562,88.0,7.105427357601002e-14
575,12.0,0.0010001659393310547,88.0,7.105427357601002e-14
576,12.0,0.0010006427764892578,88.0,7.105427357601002e-14
577,12.0,0.0009999275207519531,88.0,7.105427357601002e-14
578,12.0,0.0010001659393310547,88.0,7.105427357601002e-14
579,12.0,0.0010001659393310547,88.0,7.105427357601002e-14
580,27.0,0.0010006427764892578,-26.0,7.105427357601002e-14
581,12.0,0.0,88.0,7.105427357601002e-14
582,12.0,0.0,88.0,7.105427357601002e-14
583,14.0,0.0,86.0,7.105427357601002e-14
584,12.0,0.0,88.0,7.105427357601002e-14
585,12.0,0.0,88.0,7.105427357601002e-14
586,23.0,0.002001047134399414,-22.0,7.105427357601002e-14
587,12.0,0.0010004043579101562,88.0,7.105427357601002e-14
588,14.0,0.00099945068359375,86.0,7.105427357601002e-14
589,12.0,0.0,88.0,7.105427357601002e-14
590,12.0,0.0,88.0,7.105427357601002e-14
591,24.0,0.0009996891021728516,-221.0,7.105427357601002e-14
592,25.0,0.0020003318786621094,-123.0,7.105427357601002e-14
593,12.0,0.0,88.0,7.105427357601002e-14
594,12.0,0.0,88.0,7.105427357601002e-14
595,12.0,0.0,88.0,7.105427357601002e-14
596,12.0,0.0,88.0,7.105427357601002e-14
597,15.0,0.0,-14.0,7.105427357601002e-14
598,12.0,0.0,88.0,7.105427357601002e-14
599,22.0,0.0010001659393310547,-21.0,7.105427357601002e-14
600,14.0,0.0010001659393310547,86.0,7.105427357601002e-14
601,12.0,0.0009996891021728516,88.0,7.105427357601002e-14
602,12.0,0.0010006427764892578,88.0,7.105427357601002e-14
603,12.0,0.0010001659393310547,88.0,7.105427357601002e-14
604,12.0,0.0010001659393310547,88.0,7.105427357601002e-14
605,12.0,0.0,88.0,7.105427357601002e-14
606,12.0,0.0,88.0,7.105427357601002e-14
607,12.0,0.0,88.0,7.105427357601002e-14
608,12.0,0.0,88.0,7.105427357601002e-14
609,12.0,0.0,88.0,7.105427357601002e-14
610,12.0,0.0,88.0,7.105427357601002e-14
611,12.0,0.0,88.0,7.105427357601002e-14
612,12.0,0.0010001659393310547,88.0,7.105427357601002e-14
613,12.0,0.0010001659393310547,88.0,7.105427357601002e-14
614,12.0,0.0010001659393310547,88.0,7.105427357601002e-14
615,12.0,0.0010001659393310547,88.0,7.105427357601002e-14
616,12.0,0.0010004043579101562,88.0,7.105427357601002e-14
617,12.0,0.0009999275207519531,88.0,7.105427357601002e-14
618,12.0,0.0010006427764892578,88.0,7.105427357601002e-14
619,14.0,0.0010004043579101562,86.0,7.105427357601002e-14
620,12.0,0.0010004043579101562,88.0,7.105427357601002e-14
621,12.0,0.0009996891021728516,88.0,7.105427357601002e-14
622,12.0,0.0010001659393310547,88.0,7.105427357601002e-14
623,12.0,0.0010001659393310547,88.0,7.105427357601002e-14
624,12.0,0.001001119613647461,88.0,7.105427357601002e-14
625,12.0,0.0,88.0,7.105427357601002e-14
626,12.0,0.0,88.0,7.105427357601002e-14
627,12.0,0.0,88.0,7.105427357601002e-14
628,12.0,0.0,88.0,7.105427357601002e-14
629,12.0,0.0,88.0,7.105427357601002e-14
630,12.0,0.0,88.0,7.105427357601002e-14
631,12.0,0.0009999275207519531,88.0,7.105427357601002e-14
632,12.0,0.0009999275207519531,88.0,7.105427357601002e-14
633,12.0,0.0010001659393310547,88.0,7.105427357601002e-14
634,12.0,0.0010001659393310547,88.0,7.105427357601002e-14
635,12.0,0.0010001659393310547,88.0,7.105427357601002e-14
636,12.0,0.0010001659393310547,88.0,7.105427357601002e-14
637,12.0,0.0010004043579101562,88.0,7.105427357601002e-14
638,30.0,0.0020003318786621094,-128.0,7.105427357601002e-14
639,12.0,0.0,88.0,7.105427357601002e-14
640,12.0,0.0,88.0,7.105427357601002e-14
641,13.0,0.0,87.0,7.105427357601002e-14
642,12.0,0.0010013580322265625,88.0,7.105427357601002e-14
643,16.0,0.0010001659393310547,-15.0,7.105427357601002e-14
644,12.0,0.00099945068359375,88.0,7.105427357601002e-14
645,12.0,0.0010004043579101562,88.0,7.105427357601002e-14
646,19.0,0.0010004043579101562,-18.0,7.105427357601002e-14
647,12.0,0.0009999275207519531,88.0,7.105427357601002e-14
648,12.0,0.0010001659393310547,88.0,7.105427357601002e-14
649,14.0,0.0010004043579101562,86.0,7.105427357601002e-14
650,12.0,0.0010006427764892578,88.0,7.105427357601002e-14
651,12.0,0.0009996891021728516,88.0,7.105427357601002e-14
652,12.0,0.0010001659393310547,88.0,7.105427357601002e-14
653,12.0,0.0010013580322265625,88.0,7.105427357601002e-14
654,12.0,0.0009999275207519531,88.0,7.105427357601002e-14
655,12.0,0.00099945068359375,88.0,7.105427357601002e-14
656,12.0,0.0010149478912353516,88.0,7.105427357601002e-14
657,12.0,0.000985860824584961,88.0,7.105427357601002e-14
658,12.0,0.0009999275207519531,88.0,7.105427357601002e-14
659,12.0,0.0010006427764892578,88.0,7.105427357601002e-14
660,12.0,0.0010004043579101562,88.0,7.105427357601002e-14
661,12.0,0.0009999275207519531,88.0,7.105427357601002e-14
662,12.0,0.0010001659393310547,88.0,7.105427357601002e-14
663,12.0,0.0,88.0,7.105427357601002e-14
664,12.0,0.0,88.0,7.105427357601002e-14
665,12.0,0.0,88.0,7.105427357601002e-14
666,12.0,0.0,88.0,7.105427357601002e-14
667,12.0,0.0,88.0,7.105427357601002e-14
668,12.0,0.0,88.0,7.105427357601002e-14
669,12.0,0.0,88.0,7.105427357601002e-14
670,25.0,0.0020012855529785156,-24.0,7.105427357601002e-14
671,12.0,0.00099945068359375,88.0,7.105427357601002e-14
672,12.0,0.0010006427764892578,88.0,7.105427357601002e-14
673,12.0,0.0009999275207519531,88.0,7.105427357601002e-14
674,12.0,0.0010001659393310547,88.0,7.105427357601002e-14
675,12.0,0.0,88.0,7.105427357601002e-14
676,12.0,0.0,88.0,7.105427357601002e-14
677,12.0,0.0,88.0,7.105427357601002e-14
678,12.0,0.0,88.0,7.105427357601002e-14
679,12.0,0.0,88.0,7.105427357601002e-14
680,12.0,0.0,88.0,7.105427357601002e-14
681,12.0,0.0010001659393310547,88.0,7.105427357601002e-14
682,12.0,0.00099945068359375,88.0,7.105427357601002e-14
683,12.0,0.0010004043579101562,88.0,7.105427357601002e-14
684,12.0,0.0010001659393310547,88.0,7.105427357601002e-14
685,12.0,0.0010001659393310547,88.0,7.105427357601002e-14
686,12.0,0.0010001659393310547,88.0,7.105427357601002e-14
687,12.0,0.0010006427764892578,88.0,7.105427357601002e-14
688,27.0,0.0009999275207519531,-26.0,7.105427357601002e-14
689,18.0,0.0010001659393310547,-17.0,7.105427357601002e-14
690,12.0,0.0010001659393310547,88.0,7.105427357601002e-14
691,12.0,0.0010004043579101562,88.0,7.105427357601002e-14
692,12.0,0.0010001659393310547,88.0,7.105427357601002e-14
693,12.0,0.0009996891021728516,88.0,7.105427357601002e-14
694,12.0,0.0,88.0,7.105427357601002e-14
695,14.0,0.0,86.0,7.105427357601002e-14
696,12.0,0.0,88.0,7.105427357601002e-14
697,12.0,0.0,88.0,7.105427357601002e-14
698,12.0,0.0,88.0,7.105427357601002e-14
699,12.0,0.0,88.0,7.105427357601002e-14
700,12.0,0.0,88.0,7.105427357601002e-14
701,12.0,0.0010006427764892578,88.0,7.105427357601002e-14
702,12.0,0.00099945068359375,88.0,7.105427357601002e-14
703,16.0,0.0010004043579101562,-15.0,7.105427357601002e-14
704,14.0,0.0,86.0,7.105427357601002e-14
705,12.0,0.0,88.0,7.105427357601002e-14
706,12.0,0.0,88.0,7.105427357601002e-14
707,12.0,0.0010004043579101562,88.0,7.105427357601002e-14
708,14.0,0.0010001659393310547,86.0,7.105427357601002e-14
709,12.0,0.0009996891021728516,88.0,7.105427357601002e-14
710,12.0,0.0010004043579101562,88.0,7.105427357601002e-14
711,14.0,0.0010006427764892578,86.0,7.105427357601002e-14
712,12.0,0.00099945068359375,88.0,7.105427357601002e-14
713,12.0,0.0010006427764892578,88.0,7.105427357601002e-14
714,14.0,0.0009999275207519531,86.0,7.105427357601002e-14
715,12.0,0.0010001659393310547,88.0,7.105427357601002e-14
716,12.0,0.0010004043579101562,88.0,7.105427357601002e-14
717,20.0,0.0010001659393310547,-19.0,7.105427357601002e-14
718,12.0,0.0,88.0,7.105427357601002e-14
719,12.0,0.0010001659393310547,88.0,7.105427357601002e-14
720,12.0,0.001001119613647461,88.0,7.105427357601002e-14
721,24.0,0.0019998550415039062,-23.0,7.105427357601002e-14
722,12.0,0.0010001659393310547,88.0,7.105427357601002e-14
723,12.0,0.0,88.0,7.105427357601002e-14
724,12.0,0.0,88.0,7.105427357601002e-14
725,14.0,0.0,86.0,7.105427357601002e-14
726,14.0,0.0010001659393310547,86.0,7.105427357601002e-14
727,12.0,0.0,88.0,7.105427357601002e-14
728,12.0,0.0,88.0,7.105427357601002e-14
729,12.0,0.0,88.0,7.105427357601002e-14
730,12.0,0.0,88.0,7.105427357601002e-14
731,14.0,0.0,86.0,7.105427357601002e-14
732,12.0,0.0,88.0,7.105427357601002e-14
733,12.0,0.0,88.0,7.105427357601002e-14
734,12.0,0.0,88.0,7.105427357601002e-14
735,12.0,0.0010001659393310547,88.0,7.105427357601002e-14
736,12.0,0.0010001659393310547,88.0,7.105427357601002e-14
737,12.0,0.001001119613647461,88.0,7.105427357601002e-14
738,12.0,0.0009996891021728516,88.0,7.105427357601002e-14
739,12.0,0.0009999275207519531,88.0,7.105427357601002e-14
740,12.0,0.0010004043579101562,88.0,7.105427357601002e-14
741,12.0,0.0010006427764892578,88.0,7.105427357601002e-14
742,12.0,0.0009999275207519531,88.0,7.105427357601002e-14
743,12.0,0.0009999275207519531,88.0,7.105427357601002e-14
744,12.0,0.0010001659393310547,88.0,7.105427357601002e-14
745,12.0,0.0010001659393310547,88.0,7.105427357601002e-14
746,12.0,0.0,88.0,7.105427357601002e-14
747,12.0,0.0,88.0,7.105427357601002e-14
748,12.0,0.0,88.0,7.105427357601002e-14
749,12.0,0.0,88.0,7.105427357601002e-14
750,14.0,0.0,86.0,7.105427357601002e-14
751,12.0,0.0,88.0,7.105427357601002e-14
752,12.0,0.0,88.0,7.105427357601002e-14
753,12.0,0.0,88.0,7.105427357601002e-14
754,14.0,0.0,86.0,7.105427357601002e-14
755,12.0,0.0,88.0,7.105427357601002e-14
756,12.0,0.0009999275207519531,88.0,7.105427357601002e-14
757,12.0,0.0009999275207519531,88.0,7.105427357601002e-14
758,12.0,0.0010004043579101562,88.0,7.105427357601002e-14
759,12.0,0.0010006427764892578,88.0,7.105427357601002e-14
760,12.0,0.0009996891021728516,88.0,7.105427357601002e-14
761,12.0,0.0010006427764892578,88.0,7.105427357601002e-14
762,12.0,0.0010001659393310547,88.0,7.105427357601002e-14
763,14.0,0.0009996891021728516,86.0,7.105427357601002e-14
764,12.0,0.0010001659393310547,88.0,7.105427357601002e-14
765,12.0,0.0010006427764892578,88.0,7.105427357601002e-14
766,12.0,0.0010001659393310547,88.0,7.105427357601002e-14
767,12.0,0.0010001659393310547,88.0,7.105427357601002e-14
768,12.0,0.0010004043579101562,88.0,7.105427357601002e-14
769,12.0,0.0009999275207519531,88.0,7.105427357601002e-14
770,14.0,0.0010004043579101562,86.0,7.105427357601002e-14
771,12.0,0.0010001659393310547,88.0,7.105427357601002e-14
772,13.0,0.0010006427764892578,87.0,7.105427357601002e-14
773,14.0,0.0010006427764892578,86.0,7.105427357601002e-14
774,14.0,0.00099945068359375,86.0,7.105427357601002e-14
775,12.0,0.0010001659393310547,88.0,7.105427357601002e-14
776,12.0,0.0,88.0,7.105427357601002e-14
777,12.0,0.0,88.0,7.105427357601002e-14
778,14.0,0.0,86.0,7.105427357601002e-14
779,12.0,0.0,88.0,7.105427357601002e-14
780,14.0,0.0,86.0,7.105427357601002e-14
781,12.0,0.0,88.0,7.105427357601002e-14
782,12.0,0.0,88.0,7.105427357601002e-14
783,12.0,0.0,88.0,7.105427357601002e-14
784,12.0,0.0,88.0,7.105427357601002e-14
785,12.0,0.0010001659393310547,88.0,7.105427357601002e-14
786,12.0,0.0010001659393310547,88.0,7.105427357601002e-14
787,12.0,0.0010006427764892578,88.0,7.105427357601002e-14
788,12.0,0.0009999275207519531,88.0,7.105427357601002e-14
789,12.0,0.0010001659393310547,88.0,7.105427357601002e-14
790,12.0,0.0010004043579101562,88.0,7.105427357601002e-14
791,14.0,0.0010001659393310547,86.0,7.105427357601002e-14
792,12.0,0.0010006427764892578,88.0,7.105427357601002e-14
793,12.0,0.0010001659393310547,88.0,7.105427357601002e-14
794,14.0,0.0009999275207519531,86.0,7.105427357601002e-14
795,15.0,0.0009999275207519531,85.0,7.105427357601002e-14
796,12.0,0.0010004043579101562,88.0,7.105427357601002e-14
797,21.0,0.001001119613647461,-20.0,7.105427357601002e-14
798,12.0,0.0009989738464355469,88.0,7.105427357601002e-14
799,14.0,0.0010008811950683594,86.0,7.105427357601002e-14
800,12.0,0.0009999275207519531,88.0,7.105427357601002e-14
801,12.0,0.0010001659393310547,88.0,7.105427357601002e-14
802,12.0,0.0010006427764892578,88.0,7.105427357601002e-14
803,12.0,0.0010001659393310547,88.0,7.105427357601002e-14
804,12.0,0.0009999275207519531,88.0,7.105427357601002e-14
805,13.0,0.0010001659393310547,87.0,7.105427357601002e-14
806,12.0,0.0010004043579101562,88.0,7.105427357601002e-14
807,12.0,0.0010001659393310547,88.0,7.105427357601002e-14
808,12.0,0.0010001659393310547,88.0,7.105427357601002e-14
809,12.0,0.0010004043579101562,88.0,7.105427357601002e-14
810,12.0,0.0010001659393310547,88.0,7.105427357601002e-14
811,12.0,0.0010001659393310547,88.0,7.105427357601002e-14
812,13.0,0.0010006427764892578,87.0,7.105427357601002e-14
813,12.0,0.0,88.0,7.105427357601002e-14
814,12.0,0.0,88.0,7.105427357601002e-14
815,12.0,0.0,88.0,7.105427357601002e-14
816,12.0,0.0,88.0,7.105427357601002e-14
817,12.0,0.0,88.0,7.105427357601002e-14
818,12.0,0.0,88.0,7.105427357601002e-14
819,12.0,0.0,88.0,7.105427357601002e-14
820,12.0,0.0010006427764892578,88.0,7.105427357601002e-14
821,12.0,0.0009996891021728516,88.0,7.105427357601002e-14
822,12.0,0.0010004043579101562,88.0,7.105427357601002e-14
823,12.0,0.0010004043579101562,88.0,7.105427357601002e-14
824,12.0,0.0010004043579101562,88.0,7.105427357601002e-14
825,12.0,0.0009996891021728516,88.0,7.105427357601002e-14
826,12.0,0.0010001659393310547,88.0,7.105427357601002e-14
827,12.0,0.0010001659393310547,88.0,7.105427357601002e-14
828,12.0,0.0010001659393310547,88.0,7.105427357601002e-14
829,12.0,0.0010004043579101562,88.0,7.105427357601002e-14
830,12.0,0.0010004043579101562,88.0,7.105427357601002e-14
831,12.0,0.0,88.0,7.105427357601002e-14
832,14.0,0.0,86.0,7.105427357601002e-14
833,24.0,0.001001119613647461,-122.0,7.105427357601002e-14
834,12.0,0.0009999275207519531,88.0,7.105427357601002e-14
835,12.0,0.0009996891021728516,88.0,7.105427357601002e-14
836,12.0,0.0010008811950683594,88.0,7.105427357601002e-14
837,12.0,0.0009996891021728516,88.0,7.105427357601002e-14
838,12.0,0.0010001659393310547,88.0,7.105427357601002e-14
839,12.0,0.0010001659393310547,88.0,7.105427357601002e-14
840,12.0,0.0010001659393310547,88.0,7.105427357601002e-14
841,12.0,0.0010001659393310547,88.0,7.105427357601002e-14
842,12.0,0.0010004043579101562,88.0,7.105427357601002e-14
843,12.0,0.0,88.0,7.105427357601002e-14
844,12.0,0.0,88.0,7.105427357601002e-14
845,14.0,0.0,86.0,7.105427357601002e-14
846,12.0,0.0,88.0,7.105427357601002e-14
847,14.0,0.0,86.0,7.105427357601002e-14
848,17.0,0.00099945068359375,-16.0,7.105427357601002e-14
849,12.0,0.0010001659393310547,88.0,7.105427357601002e-14
850,12.0,0.0,88.0,7.105427357601002e-14
851,12.0,0.0,88.0,7.105427357601002e-14
852,12.0,0.0,88.0,7.105427357601002e-14
853,12.0,0.0,88.0,7.105427357601002e-14
854,12.0,0.0,88.0,7.105427357601002e-14
855,12.0,0.0,88.0,7.105427357601002e-14
856,12.0,0.0,88.0,7.105427357601002e-14
857,13.0,0.0010004043579101562,87.0,7.105427357601002e-14
858,12.0,0.0010013580322265625,88.0,7.105427357601002e-14
859,12.0,0.0009989738464355469,88.0,7.105427357601002e-14
860,12.0,0.0010004043579101562,88.0,7.105427357601002e-14
861,12.0,0.0010006427764892578,88.0,7.105427357601002e-14
862,14.0,0.0009999275207519531,86.0,7.105427357601002e-14
863,12.0,0.0010001659393310547,88.0,7.105427357601002e-14
864,12.0,0.0010006427764892578,88.0,7.105427357601002e-14
865,12.0,0.0010004043579101562,88.0,7.105427357601002e-14
866,12.0,0.00099945068359375,88.0,7.105427357601002e-14
867,12.0,0.0010001659393310547,88.0,7.105427357601002e-14
868,12.0,0.0010001659393310547,88.0,7.105427357601002e-14
869,12.0,0.0010008811950683594,88.0,7.105427357601002e-14
870,12.0,0.0010004043579101562,88.0,7.105427357601002e-14
871,12.0,0.0,88.0,7.105427357601002e-14
872,12.0,0.0,88.0,7.105427357601002e-14
873,12.0,0.0,88.0,7.105427357601002e-14
874,12.0,0.0,88.0,7.105427357601002e-14
875,12.0,0.0,88.0,7.105427357601002e-14
876,14.0,0.0,86.0,7.105427357601002e-14
877,12.0,0.0,88.0,7.105427357601002e-14
878,12.0,0.0009999275207519531,88.0,7.105427357601002e-14
879,12.0,0.0010004043579101562,88.0,7.105427357601002e-14
880,12.0,0.0010001659393310547,88.0,7.105427357601002e-14
881,12.0,0.0010001659393310547,88.0,7.105427357601002e-14
882,12.0,0.0010008811950683594,88.0,7.105427357601002e-14
883,12.0,0.0009996891021728516,88.0,7.105427357601002e-14
884,12.0,0.0009999275207519531,88.0,7.105427357601002e-14
885,12.0,0.0010008811950683594,88.0,7.105427357601002e-14
886,12.0,0.0010004043579101562,88.0,7.105427357601002e-14
887,13.0,0.0009999275207519531,87.0,7.105427357601002e-14
888,12.0,0.0010001659393310547,88.0,7.105427357601002e-14
889,12.0,0.0009999275207519531,88.0,7.105427357601002e-14
890,12.0,0.0,88.0,7.105427357601002e-14
891,12.0,0.0,88.0,7.105427357601002e-14
892,12.0,0.0,88.0,7.105427357601002e-14
893,12.0,0.0,88.0,7.105427357601002e-14
894,12.0,0.0,88.0,7.105427357601002e-14
895,12.0,0.0,88.0,7.105427357601002e-14
896,12.0,0.0009999275207519531,88.0,7.105427357601002e-14
897,12.0,0.0010004043579101562,88.0,7.105427357601002e-14
898,12.0,0.00099945068359375,88.0,7.105427357601002e-14
899,20.0,0.0010001659393310547,-19.0,7.105427357601002e-14
900,12.0,0.0,88.0,7.105427357601002e-14
901,15.0,0.0,-14.0,7.105427357601002e-14
902,12.0,0.0,88.0,7.105427357601002e-14
903,12.0,0.0,88.0,7.105427357601002e-14
904,12.0,0.0,88.0,7.105427357601002e-14
905,12.0,0.0010001659393310547,88.0,7.105427357601002e-14
906,12.0,0.0010006427764892578,88.0,7.105427357601002e-14
907,12.0,0.0010001659393310547,88.0,7.105427357601002e-14
908,12.0,0.0009999275207519531,88.0,7.105427357601002e-14
909,12.0,0.0010001659393310547,88.0,7.105427357601002e-14
910,12.0,0.0010001659393310547,88.0,7.105427357601002e-14
911,12.0,0.0010001659393310547,88.0,7.105427357601002e-14
912,12.0,0.0010004043579101562,88.0,7.105427357601002e-14
913,12.0,0.0010001659393310547,88.0,7.105427357601002e-14
914,12.0,0.0010001659393310547,88.0,7.105427357601002e-14
915,12.0,0.0,88.0,7.105427357601002e-14
916,12.0,0.0,88.0,7.105427357601002e-14
917,12.0,0.0,88.0,7.105427357601002e-14
918,12.0,0.0,88.0,7.105427357601002e-14
919,12.0,0.0,88.0,7.105427357601002e-14
920,12.0,0.0,88.0,7.105427357601002e-14
921,12.0,0.0,88.0,7.105427357601002e-14
922,12.0,0.0009999275207519531,88.0,7.105427357601002e-14
923,12.0,0.0010001659393310547,88.0,7.105427357601002e-14
924,12.0,0.0010006427764892578,88.0,7.105427357601002e-14
925,24.0,0.002000093460083008,-23.0,7.105427357601002e-14
926,14.0,0.0010006427764892578,86.0,7.105427357601002e-14
927,12.0,0.0010001659393310547,88.0,7.105427357601002e-14
928,22.0,0.0009996891021728516,-21.0,7.105427357601002e-14
929,12.0,0.0010004043579101562,88.0,7.105427357601002e-14
930,12.0,0.0010013580322265625,88.0,7.105427357601002e-14
931,12.0,0.0009999275207519531,88.0,7.105427357601002e-14
932,12.0,0.00099945068359375,88.0,7.105427357601002e-14
933,12.0,0.0010006427764892578,88.0,7.105427357601002e-14
934,12.0,0.0009996891021728516,88.0,7.105427357601002e-14
935,12.0,0.0010006427764892578,88.0,7.105427357601002e-14
936,26.0,0.0010004043579101562,-25.0,7.105427357601002e-14
937,12.0,0.0010004043579101562,88.0,7.105427357601002e-14
938,12.0,0.0009996891021728516,88.0,7.105427357601002e-14
939,13.0,0.0010001659393310547,-12.0,7.105427357601002e-14
940,12.0,0.0010001659393310547,88.0,7.105427357601002e-14
941,15.0,0.0010001659393310547,-14.0,7.105427357601002e-14
942,12.0,0.0010006427764892578,88.0,7.105427357601002e-14
943,12.0,0.0009996891021728516,88.0,7.105427357601002e-14
944,12.0,0.0010001659393310547,88.0,7.105427357601002e-14
945,12.0,0.0010001659393310547,88.0,7.105427357601002e-14
946,12.0,0.0010013580322265625,88.0,7.105427357601002e-14
947,12.0,0.0010001659393310547,88.0,7.105427357601002e-14
948,16.0,0.00099945068359375,84.0,7.105427357601002e-14
949,14.0,0.0010001659393310547,86.0,7.105427357601002e-14
950,12.0,0.0010006427764892578,88.0,7.105427357601002e-14
951,12.0,0.0010001659393310547,88.0,7.105427357601002e-14
952,12.0,0.0009999275207519531,88.0,7.105427357601002e-14
953,12.0,0.0010006427764892578,88.0,7.105427357601002e-14
954,12.0,0.00099945068359375,88.0,7.105427357601002e-14
955,12.0,0.001001119613647461,88.0,7.105427357601002e-14
956,12.0,0.0010001659393310547,88.0,7.105427357601002e-14
957,12.0,0.0,88.0,7.105427357601002e-14
958,12.0,0.0,88.0,7.105427357601002e-14
959,12.0,0.0,88.0,7.105427357601002e-14
960,12.0,0.0,88.0,7.105427357601002e-14
961,12.0,0.0,88.0,7.105427357601002e-14
962,12.0,0.0,88.0,7.105427357601002e-14
963,12.0,0.0,88.0,7.105427357601002e-14
964,12.0,0.0010001659393310547,88.0,7.105427357601002e-14
965,12.0,0.0010001659393310547,88.0,7.105427357601002e-14
966,12.0,0.0010001659393310547,88.0,7.105427357601002e-14
967,12.0,0.0010008811950683594,88.0,7.105427357601002e-14
968,12.0,0.0010001659393310547,88.0,7.105427357601002e-14
969,13.0,0.0009999275207519531,87.0,7.105427357601002e-14
970,12.0,0.0009999275207519531,88.0,7.105427357601002e-14
971,12.0,0.0010001659393310547,88.0,7.105427357601002e-14
972,12.0,0.0010004043579101562,88.0,7.105427357601002e-14
973,12.0,0.0010001659393310547,88.0,7.105427357601002e-14
974,12.0,0.0010001659393310547,88.0,7.105427357601002e-14
975,12.0,0.0,88.0,7.105427357601002e-14
976,12.0,0.0,88.0,7.105427357601002e-14
977,12.0,0.0,88.0,7.105427357601002e-14
978,12.0,0.0,88.0,7.105427357601002e-14
979,12.0,0.0,88.0,7.105427357601002e-14
980,12.0,0.0,88.0,7.105427357601002e-14
981,12.0,0.0010004043579101562,88.0,7.105427357601002e-14
982,12.0,0.0010001659393310547,88.0,7.105427357601002e-14
983,12.0,0.0010004043579101562,88.0,7.105427357601002e-14
984,12.0,0.0009999275207519531,88.0,7.105427357601002e-14
985,12.0,0.0010008811950683594,88.0,7.105427357601002e-14
986,12.0,0.0009996891021728516,88.0,7.105427357601002e-14
987,12.0,0.0010006427764892578,88.0,7.105427357601002e-14
988,12.0,0.0010001659393310547,88.0,7.105427357601002e-14
989,12.0,0.0010001659393310547,88.0,7.105427357601002e-14
990,12.0,0.0010006427764892578,88.0,7.105427357601002e-14
991,12.0,0.0010001659393310547,88.0,7.105427357601002e-14
992,12.0,0.0,88.0,7.105427357601002e-14
993,12.0,0.0,88.0,7.105427357601002e-14
994,17.0,0.0009999275207519531,-16.0,7.105427357601002e-14
995,12.0,0.0,88.0,7.105427357601002e-14
996,24.0,0.00099945068359375,-23.0,7.105427357601002e-14
997,12.0,0.0010004043579101562,88.0,7.105427357601002e-14
998,12.0,0.0010008811950683594,88.0,7.105427357601002e-14
999,12.0,0.0010001659393310547,88.0,7.105427357601002e-14
1000,0.0,0.0,0.0,0.0
1001,0.0,0.0,0.0,0.0
1002,0.0,0.0,0.0,0.0
1003,0.0,0.0,0.0,0.0
1004,0.0,0.0,0.0,0.0
1005,0.0,0.0,0.0,0.0
1006,0.0,0.0,0.0,0.0
1007,0.0,0.0,0.0,0.0
1008,0.0,0.0,0.0,0.0
1009,0.0,0.0,0.0,0.0
1010,0.0,0.0,0.0,0.0
1011,0.0,0.0,0.0,0.0
1012,0.0,0.0,0.0,0.0
1013,0.0,0.0,0.0,0.0
1014,0.0,0.0,0.0,0.0
1015,0.0,0.0,0.0,0.0
1016,0.0,0.0,0.0,0.0
1017,0.0,0.0,0.0,0.0
1018,0.0,0.0,0.0,0.0
1019,0.0,0.0,0.0,0.0
1020,0.0,0.0,0.0,0.0
1021,0.0,0.0,0.0,0.0
1022,0.0,0.0,0.0,0.0
1023,0.0,0.0,0.0,0.0
1024,0.0,0.0,0.0,0.0
1025,0.0,0.0,0.0,0.0
1026,0.0,0.0,0.0,0.0
1027,0.0,0.0,0.0,0.0
1028,0.0,0.0,0.0,0.0
1029,0.0,0.0,0.0,0.0
1030,0.0,0.0,0.0,0.0
1031,0.0,0.0,0.0,0.0
1032,0.0,0.0,0.0,0.0
1033,0.0,0.0,0.0,0.0
1034,0.0,0.0,0.0,0.0
1035,0.0,0.0,0.0,0.0
1036,0.0,0.0,0.0,0.0
1037,0.0,0.0,0.0,0.0
1038,0.0,0.0,0.0,0.0
1039,0.0,0.0,0.0,0.0
1040,0.0,0.0,0.0,0.0
1041,0.0,0.0,0.0,0.0
1042,0.0,0.0,0.0,0.0
1043,0.0,0.0,0.0,0.0
1044,0.0,0.0,0.0,0.0
1045,0.0,0.0,0.0,0.0
1046,0.0,0.0,0.0,0.0
1047,0.0,0.0,0.0,0.0
1048,0.0,0.0,0.0,0.0
1049,0.0,0.0,0.0,0.0
1050,0.0,0.0,0.0,0.0
1051,0.0,0.0,0.0,0.0
1052,0.0,0.0,0.0,0.0
1053,0.0,0.0,0.0,0.0
1054,0.0,0.0,0.0,0.0
1055,0.0,0.0,0.0,0.0
1056,0.0,0.0,0.0,0.0
1057,0.0,0.0,0.0,0.0
1058,0.0,0.0,0.0,0.0
1059,0.0,0.0,0.0,0.0
1060,0.0,0.0,0.0,0.0
1061,0.0,0.0,0.0,0.0
1062,0.0,0.0,0.0,0.0
1063,0.0,0.0,0.0,0.0
1064,0.0,0.0,0.0,0.0
1065,0.0,0.0,0.0,0.0
1066,0.0,0.0,0.0,0.0
1067,0.0,0.0,0.0,0.0
1068,0.0,0.0,0.0,0.0
1069,0.0,0.0,0.0,0.0
1070,0.0,0.0,0.0,0.0
1071,0.0,0.0,0.0,0.0
1072,0.0,0.0,0.0,0.0
1073,0.0,0.0,0.0,0.0
1074,0.0,0.0,0.0,0.0
1075,0.0,0.0,0.0,0.0
1076,0.0,0.0,0.0,0.0
1077,0.0,0.0,0.0,0.0
1078,0.0,0.0,0.0,0.0
1079,0.0,0.0,0.0,0.0
1080,0.0,0.0,0.0,0.0
1081,0.0,0.0,0.0,0.0
1082,0.0,0.0,0.0,0.0
1083,0.0,0.0,0.0,0.0
1084,0.0,0.0,0.0,0.0
1085,0.0,0.0,0.0,0.0
1086,0.0,0.0,0.0,0.0
1087,0.0,0.0,0.0,0.0
1088,0.0,0.0,0.0,0.0
1089,0.0,0.0,0.0,0.0
1090,0.0,0.0,0.0,0.0
1091,0.0,0.0,0.0,0.0
1092,0.0,0.0,0.0,0.0
1093,0.0,0.0,0.0,0.0
1094,0.0,0.0,0.0,0.0
1095,0.0,0.0,0.0,0.0
1096,0.0,0.0,0.0,0.0
1097,0.0,0.0,0.0,0.0
1098,0.0,0.0,0.0,0.0
1099,0.0,0.0,0.0,0.0
1100,0.0,0.0,0.0,0.0
1101,0.0,0.0,0.0,0.0
1102,0.0,0.0,0.0,0.0
1103,0.0,0.0,0.0,0.0
1104,0.0,0.0,0.0,0.0
1105,0.0,0.0,0.0,0.0
1106,0.0,0.0,0.0,0.0
1107,0.0,0.0,0.0,0.0
1108,0.0,0.0,0.0,0.0
1109,0.0,0.0,0.0,0.0
1110,0.0,0.0,0.0,0.0
1111,0.0,0.0,0.0,0.0
1112,0.0,0.0,0.0,0.0
1113,0.0,0.0,0.0,0.0
1114,0.0,0.0,0.0,0.0
1115,0.0,0.0,0.0,0.0
1116,0.0,0.0,0.0,0.0
1117,0.0,0.0,0.0,0.0
1118,0.0,0.0,0.0,0.0
1119,0.0,0.0,0.0,0.0
1120,0.0,0.0,0.0,0.0
1121,0.0,0.0,0.0,0.0
1122,0.0,0.0,0.0,0.0
1123,0.0,0.0,0.0,0.0
1124,0.0,0.0,0.0,0.0
1125,0.0,0.0,0.0,0.0
1126,0.0,0.0,0.0,0.0
1127,0.0,0.0,0.0,0.0
1128,0.0,0.0,0.0,0.0
1129,0.0,0.0,0.0,0.0
1130,0.0,0.0,0.0,0.0
1131,0.0,0.0,0.0,0.0
1132,0.0,0.0,0.0,0.0
1133,0.0,0.0,0.0,0.0
1134,0.0,0.0,0.0,0.0
1135,0.0,0.0,0.0,0.0
1136,0.0,0.0,0.0,0.0
1137,0.0,0.0,0.0,0.0
1138,0.0,0.0,0.0,0.0
1139,0.0,0.0,0.0,0.0
1140,0.0,0.0,0.0,0.0
1141,0.0,0.0,0.0,0.0
1142,0.0,0.0,0.0,0.0
1143,0.0,0.0,0.0,0.0
1144,0.0,0.0,0.0,0.0
1145,0.0,0.0,0.0,0.0
1146,0.0,0.0,0.0,0.0
1147,0.0,0.0,0.0,0.0
1148,0.0,0.0,0.0,0.0
1149,0.0,0.0,0.0,0.0
1150,0.0,0.0,0.0,0.0
1151,0.0,0.0,0.0,0.0
1152,0.0,0.0,0.0,0.0
1153,0.0,0.0,0.0,0.0
1154,0.0,0.0,0.0,0.0
1155,0.0,0.0,0.0,0.0
1156,0.0,0.0,0.0,0.0
1157,0.0,0.0,0.0,0.0
1158,0.0,0.0,0.0,0.0
1159,0.0,0.0,0.0,0.0
1160,0.0,0.0,0.0,0.0
1161,0.0,0.0,0.0,0.0
1162,0.0,0.0,0.0,0.0
1163,0.0,0.0,0.0,0.0
1164,0.0,0.0,0.0,0.0
1165,0.0,0.0,0.0,0.0
1166,0.0,0.0,0.0,0.0
1167,0.0,0.0,0.0,0.0
1168,0.0,0.0,0.0,0.0
1169,0.0,0.0,0.0,0.0
1170,0.0,0.0,0.0,0.0
1171,0.0,0.0,0.0,0.0
1172,0.0,0.0,0.0,0.0
1173,0.0,0.0,0.0,0.0
1174,0.0,0.0,0.0,0.0
1175,0.0,0.0,0.0,0.0
1176,0.0,0.0,0.0,0.0
1177,0.0,0.0,0.0,0.0
1178,0.0,0.0,0.0,0.0
1179,0.0,0.0,0.0,0.0
1180,0.0,0.0,0.0,0.0
1181,0.0,0.0,0.0,0.0
1182,0.0,0.0,0.0,0.0
1183,0.0,0.0,0.0,0.0
1184,0.0,0.0,0.0,0.0
1185,0.0,0.0,0.0,0.0
1186,0.0,0.0,0.0,0.0
1187,0.0,0.0,0.0,0.0
1188,0.0,0.0,0.0,0.0
1189,0.0,0.0,0.0,0.0
1190,0.0,0.0,0.0,0.0
1191,0.0,0.0,0.0,0.0
1192,0.0,0.0,0.0,0.0
1193,0.0,0.0,0.0,0.0
1194,0.0,0.0,0.0,0.0
1195,0.0,0.0,0.0,0.0
1196,0.0,0.0,0.0,0.0
1197,0.0,0.0,0.0,0.0
1198,0.0,0.0,0.0,0.0
1199,0.0,0.0,0.0,0.0
1200,0.0,0.0,0.0,0.0
1201,0.0,0.0,0.0,0.0
1202,0.0,0.0,0.0,0.0
1203,0.0,0.0,0.0,0.0
1204,0.0,0.0,0.0,0.0
1205,0.0,0.0,0.0,0.0
1206,0.0,0.0,0.0,0.0
1207,0.0,0.0,0.0,0.0
1208,0.0,0.0,0.0,0.0
1209,0.0,0.0,0.0,0.0
1210,0.0,0.0,0.0,0.0
1211,0.0,0.0,0.0,0.0
1212,0.0,0.0,0.0,0.0
1213,0.0,0.0,0.0,0.0
1214,0.0,0.0,0.0,0.0
1215,0.0,0.0,0.0,0.0
1216,0.0,0.0,0.0,0.0
1217,0.0,0.0,0.0,0.0
1218,0.0,0.0,0.0,0.0
1219,0.0,0.0,0.0,0.0
1220,0.0,0.0,0.0,0.0
1221,0.0,0.0,0.0,0.0
1222,0.0,0.0,0.0,0.0
1223,0.0,0.0,0.0,0.0
1224,0.0,0.0,0.0,0.0
1225,0.0,0.0,0.0,0.0
1226,0.0,0.0,0.0,0.0
1227,0.0,0.0,0.0,0.0
1228,0.0,0.0,0.0,0.0
1229,0.0,0.0,0.0,0.0
1230,0.0,0.0,0.0,0.0
1231,0.0,0.0,0.0,0.0
1232,0.0,0.0,0.0,0.0
1233,0.0,0.0,0.0,0.0
1234,0.0,0.0,0.0,0.0
1235,0.0,0.0,0.0,0.0
1236,0.0,0.0,0.0,0.0
1237,0.0,0.0,0.0,0.0
1238,0.0,0.0,0.0,0.0
1239,0.0,0.0,0.0,0.0
1240,0.0,0.0,0.0,0.0
1241,0.0,0.0,0.0,0.0
1242,0.0,0.0,0.0,0.0
1243,0.0,0.0,0.0,0.0
1244,0.0,0.0,0.0,0.0
1245,0.0,0.0,0.0,0.0
1246,0.0,0.0,0.0,0.0
1247,0.0,0.0,0.0,0.0
1248,0.0,0.0,0.0,0.0
1249,0.0,0.0,0.0,0.0
1250,0.0,0.0,0.0,0.0
1251,0.0,0.0,0.0,0.0
1252,0.0,0.0,0.0,0.0
1253,0.0,0.0,0.0,0.0
1254,0.0,0.0,0.0,0.0
1255,0.0,0.0,0.0,0.0
1256,0.0,0.0,0.0,0.0
1257,0.0,0.0,0.0,0.0
1258,0.0,0.0,0.0,0.0
1259,0.0,0.0,0.0,0.0
1260,0.0,0.0,0.0,0.0
1261,0.0,0.0,0.0,0.0
1262,0.0,0.0,0.0,0.0
1263,0.0,0.0,0.0,0.0
1264,0.0,0.0,0.0,0.0
1265,0.0,0.0,0.0,0.0
1266,0.0,0.0,0.0,0.0
1267,0.0,0.0,0.0,0.0
1268,0.0,0.0,0.0,0.0
1269,0.0,0.0,0.0,0.0
1270,0.0,0.0,0.0,0.0
1271,0.0,0.0,0.0,0.0
1272,0.0,0.0,0.0,0.0
1273,0.0,0.0,0.0,0.0
1274,0.0,0.0,0.0,0.0
1275,0.0,0.0,0.0,0.0
1276,0.0,0.0,0.0,0.0
1277,0.0,0.0,0.0,0.0
1278,0.0,0.0,0.0,0.0
1279,0.0,0.0,0.0,0.0
1280,0.0,0.0,0.0,0.0
1281,0.0,0.0,0.0,0.0
1282,0.0,0.0,0.0,0.0
1283,0.0,0.0,0.0,0.0
1284,0.0,0.0,0.0,0.0
1285,0.0,0.0,0.0,0.0
1286,0.0,0.0,0.0,0.0
1287,0.0,0.0,0.0,0.0
1288,0.0,0.0,0.0,0.0
1289,0.0,0.0,0.0,0.0
1290,0.0,0.0,0.0,0.0
1291,0.0,0.0,0.0,0.0
1292,0.0,0.0,0.0,0.0
1293,0.0,0.0,0.0,0.0
1294,0.0,0.0,0.0,0.0
1295,0.0,0.0,0.0,0.0
1296,0.0,0.0,0.0,0.0
1297,0.0,0.0,0.0,0.0
1298,0.0,0.0,0.0,0.0
1299,0.0,0.0,0.0,0.0
1300,0.0,0.0,0.0,0.0
1301,0.0,0.0,0.0,0.0
1302,0.0,0.0,0.0,0.0
1303,0.0,0.0,0.0,0.0
1304,0.0,0.0,0.0,0.0
1305,0.0,0.0,0.0,0.0
1306,0.0,0.0,0.0,0.0
1307,0.0,0.0,0.0,0.0
1308,0.0,0.0,0.0,0.0
1309,0.0,0.0,0.0,0.0
1310,0.0,0.0,0.0,0.0
1311,0.0,0.0,0.0,0.0
1312,0.0,0.0,0.0,0.0
1313,0.0,0.0,0.0,0.0
1314,0.0,0.0,0.0,0.0
1315,0.0,0.0,0.0,0.0
1316,0.0,0.0,0.0,0.0
1317,0.0,0.0,0.0,0.0
1318,0.0,0.0,0.0,0.0
1319,0.0,0.0,0.0,0.0
1320,0.0,0.0,0.0,0.0
1321,0.0,0.0,0.0,0.0
1322,0.0,0.0,0.0,0.0
1323,0.0,0.0,0.0,0.0
1324,0.0,0.0,0.0,0.0
1325,0.0,0.0,0.0,0.0
1326,0.0,0.0,0.0,0.0
1327,0.0,0.0,0.0,0.0
1328,0.0,0.0,0.0,0.0
1329,0.0,0.0,0.0,0.0
1330,0.0,0.0,0.0,0.0
1331,0.0,0.0,0.0,0.0
1332,0.0,0.0,0.0,0.0
1333,0.0,0.0,0.0,0.0
1334,0.0,0.0,0.0,0.0
1335,0.0,0.0,0.0,0.0
1336,0.0,0.0,0.0,0.0
1337,0.0,0.0,0.0,0.0
1338,0.0,0.0,0.0,0.0
1339,0.0,0.0,0.0,0.0
1340,0.0,0.0,0.0,0.0
1341,0.0,0.0,0.0,0.0
1342,0.0,0.0,0.0,0.0
1343,0.0,0.0,0.0,0.0
1344,0.0,0.0,0.0,0.0
1345,0.0,0.0,0.0,0.0
1346,0.0,0.0,0.0,0.0
1347,0.0,0.0,0.0,0.0
1348,0.0,0.0,0.0,0.0
1349,0.0,0.0,0.0,0.0
1350,0.0,0.0,0.0,0.0
1351,0.0,0.0,0.0,0.0
1352,0.0,0.0,0.0,0.0
1353,0.0,0.0,0.0,0.0
1354,0.0,0.0,0.0,0.0
1355,0.0,0.0,0.0,0.0
1356,0.0,0.0,0.0,0.0
1357,0.0,0.0,0.0,0.0
1358,0.0,0.0,0.0,0.0
1359,0.0,0.0,0.0,0.0
1360,0.0,0.0,0.0,0.0
1361,0.0,0.0,0.0,0.0
1362,0.0,0.0,0.0,0.0
1363,0.0,0.0,0.0,0.0
1364,0.0,0.0,0.0,0.0
1365,0.0,0.0,0.0,0.0
1366,0.0,0.0,0.0,0.0
1367,0.0,0.0,0.0,0.0
1368,0.0,0.0,0.0,0.0
1369,0.0,0.0,0.0,0.0
1370,0.0,0.0,0.0,0.0
1371,0.0,0.0,0.0,0.0
1372,0.0,0.0,0.0,0.0
1373,0.0,0.0,0.0,0.0
1374,0.0,0.0,0.0,0.0
1375,0.0,0.0,0.0,0.0
1376,0.0,0.0,0.0,0.0
1377,0.0,0.0,0.0,0.0
1378,0.0,0.0,0.0,0.0
1379,0.0,0.0,0.0,0.0
1380,0.0,0.0,0.0,0.0
1381,0.0,0.0,0.0,0.0
1382,0.0,0.0,0.0,0.0
1383,0.0,0.0,0.0,0.0
1384,0.0,0.0,0.0,0.0
1385,0.0,0.0,0.0,0.0
1386,0.0,0.0,0.0,0.0
1387,0.0,0.0,0.0,0.0
1388,0.0,0.0,0.0,0.0
1389,0.0,0.0,0.0,0.0
1390,0.0,0.0,0.0,0.0
1391,0.0,0.0,0.0,0.0
1392,0.0,0.0,0.0,0.0
1393,0.0,0.0,0.0,0.0
1394,0.0,0.0,0.0,0.0
1395,0.0,0.0,0.0,0.0
1396,0.0,0.0,0.0,0.0
1397,0.0,0.0,0.0,0.0
1398,0.0,0.0,0.0,0.0
1399,0.0,0.0,0.0,0.0
1400,0.0,0.0,0.0,0.0
1401,0.0,0.0,0.0,0.0
1402,0.0,0.0,0.0,0.0
1403,0.0,0.0,0.0,0.0
1404,0.0,0.0,0.0,0.0
1405,0.0,0.0,0.0,0.0
1406,0.0,0.0,0.0,0.0
1407,0.0,0.0,0.0,0.0
1408,0.0,0.0,0.0,0.0
1409,0.0,0.0,0.0,0.0
1410,0.0,0.0,0.0,0.0
1411,0.0,0.0,0.0,0.0
1412,0.0,0.0,0.0,0.0
1413,0.0,0.0,0.0,0.0
1414,0.0,0.0,0.0,0.0
1415,0.0,0.0,0.0,0.0
1416,0.0,0.0,0.0,0.0
1417,0.0,0.0,0.0,0.0
1418,0.0,0.0,0.0,0.0
1419,0.0,0.0,0.0,0.0
1420,0.0,0.0,0.0,0.0
1421,0.0,0.0,0.0,0.0
1422,0.0,0.0,0.0,0.0
1423,0.0,0.0,0.0,0.0
1424,0.0,0.0,0.0,0.0
1425,0.0,0.0,0.0,0.0
1426,0.0,0.0,0.0,0.0
1427,0.0,0.0,0.0,0.0
1428,0.0,0.0,0.0,0.0
1429,0.0,0.0,0.0,0.0
1430,0.0,0.0,0.0,0.0
1431,0.0,0.0,0.0,0.0
1432,0.0,0.0,0.0,0.0
1433,0.0,0.0,0.0,0.0
1434,0.0,0.0,0.0,0.0
1435,0.0,0.0,0.0,0.0
1436,0.0,0.0,0.0,0.0
1437,0.0,0.0,0.0,0.0
1438,0.0,0.0,0.0,0.0
1439,0.0,0.0,0.0,0.0
1440,0.0,0.0,0.0,0.0
1441,0.0,0.0,0.0,0.0
1442,0.0,0.0,0.0,0.0
1443,0.0,0.0,0.0,0.0
1444,0.0,0.0,0.0,0.0
1445,0.0,0.0,0.0,0.0
1446,0.0,0.0,0.0,0.0
1447,0.0,0.0,0.0,0.0
1448,0.0,0.0,0.0,0.0
1449,0.0,0.0,0.0,0.0
1450,0.0,0.0,0.0,0.0
1451,0.0,0.0,0.0,0.0
1452,0.0,0.0,0.0,0.0
1453,0.0,0.0,0.0,0.0
1454,0.0,0.0,0.0,0.0
1455,0.0,0.0,0.0,0.0
1456,0.0,0.0,0.0,0.0
1457,0.0,0.0,0.0,0.0
1458,0.0,0.0,0.0,0.0
1459,0.0,0.0,0.0,0.0
1460,0.0,0.0,0.0,0.0
1461,0.0,0.0,0.0,0.0
1462,0.0,0.0,0.0,0.0
1463,0.0,0.0,0.0,0.0
1464,0.0,0.0,0.0,0.0
1465,0.0,0.0,0.0,0.0
1466,0.0,0.0,0.0,0.0
1467,0.0,0.0,0.0,0.0
1468,0.0,0.0,0.0,0.0
1469,0.0,0.0,0.0,0.0
1470,0.0,0.0,0.0,0.0
1471,0.0,0.0,0.0,0.0
1472,0.0,0.0,0.0,0.0
1473,0.0,0.0,0.0,0.0
1474,0.0,0.0,0.0,0.0
1475,0.0,0.0,0.0,0.0
1476,0.0,0.0,0.0,0.0
1477,0.0,0.0,0.0,0.0
1478,0.0,0.0,0.0,0.0
1479,0.0,0.0,0.0,0.0
1480,0.0,0.0,0.0,0.0
1481,0.0,0.0,0.0,0.0
1482,0.0,0.0,0.0,0.0
1483,0.0,0.0,0.0,0.0
1484,0.0,0.0,0.0,0.0
1485,0.0,0.0,0.0,0.0
1486,0.0,0.0,0.0,0.0
1487,0.0,0.0,0.0,0.0
1488,0.0,0.0,0.0,0.0
1489,0.0,0.0,0.0,0.0
1490,0.0,0.0,0.0,0.0
1491,0.0,0.0,0.0,0.0
1492,0.0,0.0,0.0,0.0
1493,0.0,0.0,0.0,0.0
1494,0.0,0.0,0.0,0.0
1495,0.0,0.0,0.0,0.0
1496,0.0,0.0,0.0,0.0
1497,0.0,0.0,0.0,0.0
1498,0.0,0.0,0.0,0.0
1499,0.0,0.0,0.0,0.0
1500,0.0,0.0,0.0,0.0
1501,0.0,0.0,0.0,0.0
1502,0.0,0.0,0.0,0.0
1503,0.0,0.0,0.0,0.0
1504,0.0,0.0,0.0,0.0
1505,0.0,0.0,0.0,0.0
1506,0.0,0.0,0.0,0.0
1507,0.0,0.0,0.0,0.0
1508,0.0,0.0,0.0,0.0
1509,0.0,0.0,0.0,0.0
1510,0.0,0.0,0.0,0.0
1511,0.0,0.0,0.0,0.0
1512,0.0,0.0,0.0,0.0
1513,0.0,0.0,0.0,0.0
1514,0.0,0.0,0.0,0.0
1515,0.0,0.0,0.0,0.0
1516,0.0,0.0,0.0,0.0
1517,0.0,0.0,0.0,0.0
1518,0.0,0.0,0.0,0.0
1519,0.0,0.0,0.0,0.0
1520,0.0,0.0,0.0,0.0
1521,0.0,0.0,0.0,0.0
1522,0.0,0.0,0.0,0.0
1523,0.0,0.0,0.0,0.0
1524,0.0,0.0,0.0,0.0
1525,0.0,0.0,0.0,0.0
1526,0.0,0.0,0.0,0.0
1527,0.0,0.0,0.0,0.0
1528,0.0,0.0,0.0,0.0
1529,0.0,0.0,0.0,0.0
1530,0.0,0.0,0.0,0.0
1531,0.0,0.0,0.0,0.0
1532,0.0,0.0,0.0,0.0
1533,0.0,0.0,0.0,0.0
1534,0.0,0.0,0.0,0.0
1535,0.0,0.0,0.0,0.0
1536,0.0,0.0,0.0,0.0
1537,0.0,0.0,0.0,0.0
1538,0.0,0.0,0.0,0.0
1539,0.0,0.0,0.0,0.0
1540,0.0,0.0,0.0,0.0
1541,0.0,0.0,0.0,0.0
1542,0.0,0.0,0.0,0.0
1543,0.0,0.0,0.0,0.0
1544,0.0,0.0,0.0,0.0
1545,0.0,0.0,0.0,0.0
1546,0.0,0.0,0.0,0.0
1547,0.0,0.0,0.0,0.0
1548,0.0,0.0,0.0,0.0
1549,0.0,0.0,0.0,0.0
1550,0.0,0.0,0.0,0.0
1551,0.0,0.0,0.0,0.0
1552,0.0,0.0,0.0,0.0
1553,0.0,0.0,0.0,0.0
1554,0.0,0.0,0.0,0.0
1555,0.0,0.0,0.0,0.0
1556,0.0,0.0,0.0,0.0
1557,0.0,0.0,0.0,0.0
1558,0.0,0.0,0.0,0.0
1559,0.0,0.0,0.0,0.0
1560,0.0,0.0,0.0,0.0
1561,0.0,0.0,0.0,0.0
1562,0.0,0.0,0.0,0.0
1563,0.0,0.0,0.0,0.0
1564,0.0,0.0,0.0,0.0
1565,0.0,0.0,0.0,0.0
1566,0.0,0.0,0.0,0.0
1567,0.0,0.0,0.0,0.0
1568,0.0,0.0,0.0,0.0
1569,0.0,0.0,0.0,0.0
1570,0.0,0.0,0.0,0.0
1571,0.0,0.0,0.0,0.0
1572,0.0,0.0,0.0,0.0
1573,0.0,0.0,0.0,0.0
1574,0.0,0.0,0.0,0.0
1575,0.0,0.0,0.0,0.0
1576,0.0,0.0,0.0,0.0
1577,0.0,0.0,0.0,0.0
1578,0.0,0.0,0.0,0.0
1579,0.0,0.0,0.0,0.0
1580,0.0,0.0,0.0,0.0
1581,0.0,0.0,0.0,0.0
1582,0.0,0.0,0.0,0.0
1583,0.0,0.0,0.0,0.0
1584,0.0,0.0,0.0,0.0
1585,0.0,0.0,0.0,0.0
1586,0.0,0.0,0.0,0.0
1587,0.0,0.0,0.0,0.0
1588,0.0,0.0,0.0,0.0
1589,0.0,0.0,0.0,0.0
1590,0.0,0.0,0.0,0.0
1591,0.0,0.0,0.0,0.0
1592,0.0,0.0,0.0,0.0
1593,0.0,0.0,0.0,0.0
1594,0.0,0.0,0.0,0.0
1595,0.0,0.0,0.0,0.0
1596,0.0,0.0,0.0,0.0
1597,0.0,0.0,0.0,0.0
1598,0.0,0.0,0.0,0.0
1599,0.0,0.0,0.0,0.0
1600,0.0,0.0,0.0,0.0
1601,0.0,0.0,0.0,0.0
1602,0.0,0.0,0.0,0.0
1603,0.0,0.0,0.0,0.0
1604,0.0,0.0,0.0,0.0
1605,0.0,0.0,0.0,0.0
1606,0.0,0.0,0.0,0.0
1607,0.0,0.0,0.0,0.0
1608,0.0,0.0,0.0,0.0
1609,0.0,0.0,0.0,0.0
1610,0.0,0.0,0.0,0.0
1611,0.0,0.0,0.0,0.0
1612,0.0,0.0,0.0,0.0
1613,0.0,0.0,0.0,0.0
1614,0.0,0.0,0.0,0.0
1615,0.0,0.0,0.0,0.0
1616,0.0,0.0,0.0,0.0
1617,0.0,0.0,0.0,0.0
1618,0.0,0.0,0.0,0.0
1619,0.0,0.0,0.0,0.0
1620,0.0,0.0,0.0,0.0
1621,0.0,0.0,0.0,0.0
1622,0.0,0.0,0.0,0.0
1623,0.0,0.0,0.0,0.0
1624,0.0,0.0,0.0,0.0
1625,0.0,0.0,0.0,0.0
1626,0.0,0.0,0.0,0.0
1627,0.0,0.0,0.0,0.0
1628,0.0,0.0,0.0,0.0
1629,0.0,0.0,0.0,0.0
1630,0.0,0.0,0.0,0.0
1631,0.0,0.0,0.0,0.0
1632,0.0,0.0,0.0,0.0
1633,0.0,0.0,0.0,0.0
1634,0.0,0.0,0.0,0.0
1635,0.0,0.0,0.0,0.0
1636,0.0,0.0,0.0,0.0
1637,0.0,0.0,0.0,0.0
1638,0.0,0.0,0.0,0.0
1639,0.0,0.0,0.0,0.0
1640,0.0,0.0,0.0,0.0
1641,0.0,0.0,0.0,0.0
1642,0.0,0.0,0.0,0.0
1643,0.0,0.0,0.0,0.0
1644,0.0,0.0,0.0,0.0
1645,0.0,0.0,0.0,0.0
1646,0.0,0.0,0.0,0.0
1647,0.0,0.0,0.0,0.0
1648,0.0,0.0,0.0,0.0
1649,0.0,0.0,0.0,0.0
1650,0.0,0.0,0.0,0.0
1651,0.0,0.0,0.0,0.0
1652,0.0,0.0,0.0,0.0
1653,0.0,0.0,0.0,0.0
1654,0.0,0.0,0.0,0.0
1655,0.0,0.0,0.0,0.0
1656,0.0,0.0,0.0,0.0
1657,0.0,0.0,0.0,0.0
1658,0.0,0.0,0.0,0.0
1659,0.0,0.0,0.0,0.0
1660,0.0,0.0,0.0,0.0
1661,0.0,0.0,0.0,0.0
1662,0.0,0.0,0.0,0.0
1663,0.0,0.0,0.0,0.0
1664,0.0,0.0,0.0,0.0
1665,0.0,0.0,0.0,0.0
1666,0.0,0.0,0.0,0.0
1667,0.0,0.0,0.0,0.0
1668,0.0,0.0,0.0,0.0
1669,0.0,0.0,0.0,0.0
1670,0.0,0.0,0.0,0.0
1671,0.0,0.0,0.0,0.0
1672,0.0,0.0,0.0,0.0
1673,0.0,0.0,0.0,0.0
1674,0.0,0.0,0.0,0.0
1675,0.0,0.0,0.0,0.0
1676,0.0,0.0,0.0,0.0
1677,0.0,0.0,0.0,0.0
1678,0.0,0.0,0.0,0.0
1679,0.0,0.0,0.0,0.0
1680,0.0,0.0,0.0,0.0
1681,0.0,0.0,0.0,0.0
1682,0.0,0.0,0.0,0.0
1683,0.0,0.0,0.0,0.0
1684,0.0,0.0,0.0,0.0
1685,0.0,0.0,0.0,0.0
1686,0.0,0.0,0.0,0.0
1687,0.0,0.0,0.0,0.0
1688,0.0,0.0,0.0,0.0
1689,0.0,0.0,0.0,0.0
1690,0.0,0.0,0.0,0.0
1691,0.0,0.0,0.0,0.0
1692,0.0,0.0,0.0,0.0
1693,0.0,0.0,0.0,0.0
1694,0.0,0.0,0.0,0.0
1695,0.0,0.0,0.0,0.0
1696,0.0,0.0,0.0,0.0
1697,0.0,0.0,0.0,0.0
1698,0.0,0.0,0.0,0.0
1699,0.0,0.0,0.0,0.0
1700,0.0,0.0,0.0,0.0
1701,0.0,0.0,0.0,0.0
1702,0.0,0.0,0.0,0.0
1703,0.0,0.0,0.0,0.0
1704,0.0,0.0,0.0,0.0
1705,0.0,0.0,0.0,0.0
1706,0.0,0.0,0.0,0.0
1707,0.0,0.0,0.0,0.0
1708,0.0,0.0,0.0,0.0
1709,0.0,0.0,0.0,0.0
1710,0.0,0.0,0.0,0.0
1711,0.0,0.0,0.0,0.0
1712,0.0,0.0,0.0,0.0
1713,0.0,0.0,0.0,0.0
1714,0.0,0.0,0.0,0.0
1715,0.0,0.0,0.0,0.0
1716,0.0,0.0,0.0,0.0
1717,0.0,0.0,0.0,0.0
1718,0.0,0.0,0.0,0.0
1719,0.0,0.0,0.0,0.0
1720,0.0,0.0,0.0,0.0
1721,0.0,0.0,0.0,0.0
1722,0.0,0.0,0.0,0.0
1723,0.0,0.0,0.0,0.0
1724,0.0,0.0,0.0,0.0
1725,0.0,0.0,0.0,0.0
1726,0.0,0.0,0.0,0.0
1727,0.0,0.0,0.0,0.0
1728,0.0,0.0,0.0,0.0
1729,0.0,0.0,0.0,0.0
1730,0.0,0.0,0.0,0.0
1731,0.0,0.0,0.0,0.0
1732,0.0,0.0,0.0,0.0
1733,0.0,0.0,0.0,0.0
1734,0.0,0.0,0.0,0.0
1735,0.0,0.0,0.0,0.0
1736,0.0,0.0,0.0,0.0
1737,0.0,0.0,0.0,0.0
1738,0.0,0.0,0.0,0.0
1739,0.0,0.0,0.0,0.0
1740,0.0,0.0,0.0,0.0
1741,0.0,0.0,0.0,0.0
1742,0.0,0.0,0.0,0.0
1743,0.0,0.0,0.0,0.0
1744,0.0,0.0,0.0,0.0
1745,0.0,0.0,0.0,0.0
1746,0.0,0.0,0.0,0.0
1747,0.0,0.0,0.0,0.0
1748,0.0,0.0,0.0,0.0
1749,0.0,0.0,0.0,0.0
1750,0.0,0.0,0.0,0.0
1751,0.0,0.0,0.0,0.0
1752,0.0,0.0,0.0,0.0
1753,0.0,0.0,0.0,0.0
1754,0.0,0.0,0.0,0.0
1755,0.0,0.0,0.0,0.0
1756,0.0,0.0,0.0,0.0
1757,0.0,0.0,0.0,0.0
1758,0.0,0.0,0.0,0.0
1759,0.0,0.0,0.0,0.0
1760,0.0,0.0,0.0,0.0
1761,0.0,0.0,0.0,0.0
1762,0.0,0.0,0.0,0.0
1763,0.0,0.0,0.0,0.0
1764,0.0,0.0,0.0,0.0
1765,0.0,0.0,0.0,0.0
1766,0.0,0.0,0.0,0.0
1767,0.0,0.0,0.0,0.0
1768,0.0,0.0,0.0,0.0
1769,0.0,0.0,0.0,0.0
1770,0.0,0.0,0.0,0.0
1771,0.0,0.0,0.0,0.0
1772,0.0,0.0,0.0,0.0
1773,0.0,0.0,0.0,0.0
1774,0.0,0.0,0.0,0.0
1775,0.0,0.0,0.0,0.0
1776,0.0,0.0,0.0,0.0
1777,0.0,0.0,0.0,0.0
1778,0.0,0.0,0.0,0.0
1779,0.0,0.0,0.0,0.0
1780,0.0,0.0,0.0,0.0
1781,0.0,0.0,0.0,0.0
1782,0.0,0.0,0.0,0.0
1783,0.0,0.0,0.0,0.0
1784,0.0,0.0,0.0,0.0
1785,0.0,0.0,0.0,0.0
1786,0.0,0.0,0.0,0.0
1787,0.0,0.0,0.0,0.0
1788,0.0,0.0,0.0,0.0
1789,0.0,0.0,0.0,0.0
1790,0.0,0.0,0.0,0.0
1791,0.0,0.0,0.0,0.0
1792,0.0,0.0,0.0,0.0
1793,0.0,0.0,0.0,0.0
1794,0.0,0.0,0.0,0.0
1795,0.0,0.0,0.0,0.0
1796,0.0,0.0,0.0,0.0
1797,0.0,0.0,0.0,0.0
1798,0.0,0.0,0.0,0.0
1799,0.0,0.0,0.0,0.0
1800,0.0,0.0,0.0,0.0
1801,0.0,0.0,0.0,0.0
1802,0.0,0.0,0.0,0.0
1803,0.0,0.0,0.0,0.0
1804,0.0,0.0,0.0,0.0
1805,0.0,0.0,0.0,0.0
1806,0.0,0.0,0.0,0.0
1807,0.0,0.0,0.0,0.0
1808,0.0,0.0,0.0,0.0
1809,0.0,0.0,0.0,0.0
1810,0.0,0.0,0.0,0.0
1811,0.0,0.0,0.0,0.0
1812,0.0,0.0,0.0,0.0
1813,0.0,0.0,0.0,0.0
1814,0.0,0.0,0.0,0.0
1815,0.0,0.0,0.0,0.0
1816,0.0,0.0,0.0,0.0
1817,0.0,0.0,0.0,0.0
1818,0.0,0.0,0.0,0.0
1819,0.0,0.0,0.0,0.0
1820,0.0,0.0,0.0,0.0
1821,0.0,0.0,0.0,0.0
1822,0.0,0.0,0.0,0.0
1823,0.0,0.0,0.0,0.0
1824,0.0,0.0,0.0,0.0
1825,0.0,0.0,0.0,0.0
1826,0.0,0.0,0.0,0.0
1827,0.0,0.0,0.0,0.0
1828,0.0,0.0,0.0,0.0
1829,0.0,0.0,0.0,0.0
1830,0.0,0.0,0.0,0.0
1831,0.0,0.0,0.0,0.0
1832,0.0,0.0,0.0,0.0
1833,0.0,0.0,0.0,0.0
1834,0.0,0.0,0.0,0.0
1835,0.0,0.0,0.0,0.0
1836,0.0,0.0,0.0,0.0
1837,0.0,0.0,0.0,0.0
1838,0.0,0.0,0.0,0.0
1839,0.0,0.0,0.0,0.0
1840,0.0,0.0,0.0,0.0
1841,0.0,0.0,0.0,0.0
1842,0.0,0.0,0.0,0.0
1843,0.0,0.0,0.0,0.0
1844,0.0,0.0,0.0,0.0
1845,0.0,0.0,0.0,0.0
1846,0.0,0.0,0.0,0.0
1847,0.0,0.0,0.0,0.0
1848,0.0,0.0,0.0,0.0
1849,0.0,0.0,0.0,0.0
1850,0.0,0.0,0.0,0.0
1851,0.0,0.0,0.0,0.0
1852,0.0,0.0,0.0,0.0
1853,0.0,0.0,0.0,0.0
1854,0.0,0.0,0.0,0.0
1855,0.0,0.0,0.0,0.0
1856,0.0,0.0,0.0,0.0
1857,0.0,0.0,0.0,0.0
1858,0.0,0.0,0.0,0.0
1859,0.0,0.0,0.0,0.0
1860,0.0,0.0,0.0,0.0
1861,0.0,0.0,0.0,0.0
1862,0.0,0.0,0.0,0.0
1863,0.0,0.0,0.0,0.0
1864,0.0,0.0,0.0,0.0
1865,0.0,0.0,0.0,0.0
1866,0.0,0.0,0.0,0.0
1867,0.0,0.0,0.0,0.0
1868,0.0,0.0,0.0,0.0
1869,0.0,0.0,0.0,0.0
1870,0.0,0.0,0.0,0.0
1871,0.0,0.0,0.0,0.0
1872,0.0,0.0,0.0,0.0
1873,0.0,0.0,0.0,0.0
1874,0.0,0.0,0.0,0.0
1875,0.0,0.0,0.0,0.0
1876,0.0,0.0,0.0,0.0
1877,0.0,0.0,0.0,0.0
1878,0.0,0.0,0.0,0.0
1879,0.0,0.0,0.0,0.0
1880,0.0,0.0,0.0,0.0
1881,0.0,0.0,0.0,0.0
1882,0.0,0.0,0.0,0.0
1883,0.0,0.0,0.0,0.0
1884,0.0,0.0,0.0,0.0
1885,0.0,0.0,0.0,0.0
1886,0.0,0.0,0.0,0.0
1887,0.0,0.0,0.0,0.0
1888,0.0,0.0,0.0,0.0
1889,0.0,0.0,0.0,0.0
1890,0.0,0.0,0.0,0.0
1891,0.0,0.0,0.0,0.0
1892,0.0,0.0,0.0,0.0
1893,0.0,0.0,0.0,0.0
1894,0.0,0.0,0.0,0.0
1895,0.0,0.0,0.0,0.0
1896,0.0,0.0,0.0,0.0
1897,0.0,0.0,0.0,0.0
1898,0.0,0.0,0.0,0.0
1899,0.0,0.0,0.0,0.0
1900,0.0,0.0,0.0,0.0
1901,0.0,0.0,0.0,0.0
1902,0.0,0.0,0.0,0.0
1903,0.0,0.0,0.0,0.0
1904,0.0,0.0,0.0,0.0
1905,0.0,0.0,0.0,0.0
1906,0.0,0.0,0.0,0.0
1907,0.0,0.0,0.0,0.0
1908,0.0,0.0,0.0,0.0
1909,0.0,0.0,0.0,0.0
1910,0.0,0.0,0.0,0.0
1911,0.0,0.0,0.0,0.0
1912,0.0,0.0,0.0,0.0
1913,0.0,0.0,0.0,0.0
1914,0.0,0.0,0.0,0.0
1915,0.0,0.0,0.0,0.0
1916,0.0,0.0,0.0,0.0
1917,0.0,0.0,0.0,0.0
1918,0.0,0.0,0.0,0.0
1919,0.0,0.0,0.0,0.0
1920,0.0,0.0,0.0,0.0
1921,0.0,0.0,0.0,0.0
1922,0.0,0.0,0.0,0.0
1923,0.0,0.0,0.0,0.0
1924,0.0,0.0,0.0,0.0
1925,0.0,0.0,0.0,0.0
1926,0.0,0.0,0.0,0.0
1927,0.0,0.0,0.0,0.0
1928,0.0,0.0,0.0,0.0
1929,0.0,0.0,0.0,0.0
1930,0.0,0.0,0.0,0.0
1931,0.0,0.0,0.0,0.0
1932,0.0,0.0,0.0,0.0
1933,0.0,0.0,0.0,0.0
1934,0.0,0.0,0.0,0.0
1935,0.0,0.0,0.0,0.0
1936,0.0,0.0,0.0,0.0
1937,0.0,0.0,0.0,0.0
1938,0.0,0.0,0.0,0.0
1939,0.0,0.0,0.0,0.0
1940,0.0,0.0,0.0,0.0
1941,0.0,0.0,0.0,0.0
1942,0.0,0.0,0.0,0.0
1943,0.0,0.0,0.0,0.0
1944,0.0,0.0,0.0,0.0
1945,0.0,0.0,0.0,0.0
1946,0.0,0.0,0.0,0.0
1947,0.0,0.0,0.0,0.0
1948,0.0,0.0,0.0,0.0
1949,0.0,0.0,0.0,0.0
1950,0.0,0.0,0.0,0.0
1951,0.0,0.0,0.0,0.0
1952,0.0,0.0,0.0,0.0
1953,0.0,0.0,0.0,0.0
1954,0.0,0.0,0.0,0.0
1955,0.0,0.0,0.0,0.0
1956,0.0,0.0,0.0,0.0
1957,0.0,0.0,0.0,0.0
1958,0.0,0.0,0.0,0.0
1959,0.0,0.0,0.0,0.0
1960,0.0,0.0,0.0,0.0
1961,0.0,0.0,0.0,0.0
1962,0.0,0.0,0.0,0.0
1963,0.0,0.0,0.0,0.0
1964,0.0,0.0,0.0,0.0
1965,0.0,0.0,0.0,0.0
1966,0.0,0.0,0.0,0.0
1967,0.0,0.0,0.0,0.0
1968,0.0,0.0,0.0,0.0
1969,0.0,0.0,0.0,0.0
1970,0.0,0.0,0.0,0.0
1971,0.0,0.0,0.0,0.0
1972,0.0,0.0,0.0,0.0
1973,0.0,0.0,0.0,0.0
1974,0.0,0.0,0.0,0.0
1975,0.0,0.0,0.0,0.0
1976,0.0,0.0,0.0,0.0
1977,0.0,0.0,0.0,0.0
1978,0.0,0.0,0.0,0.0
1979,0.0,0.0,0.0,0.0
1980,0.0,0.0,0.0,0.0
1981,0.0,0.0,0.0,0.0
1982,0.0,0.0,0.0,0.0
1983,0.0,0.0,0.0,0.0
1984,0.0,0.0,0.0,0.0
1985,0.0,0.0,0.0,0.0
1986,0.0,0.0,0.0,0.0
1987,0.0,0.0,0.0,0.0
1988,0.0,0.0,0.0,0.0
1989,0.0,0.0,0.0,0.0
1990,0.0,0.0,0.0,0.0
1991,0.0,0.0,0.0,0.0
1992,0.0,0.0,0.0,0.0
1993,0.0,0.0,0.0,0.0
1994,0.0,0.0,0.0,0.0
1995,0.0,0.0,0.0,0.0
1996,0.0,0.0,0.0,0.0
1997,0.0,0.0,0.0,0.0
1998,0.0,0.0,0.0,0.0
1999,0.0,0.0,0.0,0.0
